date,new_cases,total_cases,new_hosp,total_hosp,new_deaths,total_deaths
2020-02-24,1,1,5,5,0,0
2020-02-25,1,2,4,9,0,0
2020-02-26,10,12,9,18,0,0
2020-02-27,11,23,4,22,0,0
2020-02-28,10,33,5,27,0,0
2020-02-29,13,46,12,39,0,0
2020-03-01,11,57,10,49,0,0
2020-03-02,31,88,14,63,0,0
2020-03-03,33,121,17,80,0,0
2020-03-04,61,182,12,92,0,0
2020-03-05,62,244,15,107,2,2
2020-03-06,73,317,23,130,0,2
2020-03-07,49,366,8,138,0,2
2020-03-08,69,435,17,155,1,3
2020-03-09,192,627,29,184,0,3
2020-03-10,212,839,40,224,2,5
2020-03-11,334,1173,48,272,3,8
2020-03-12,357,1530,51,323,4,12
2020-03-13,433,1963,54,377,3,15
2020-03-14,420,2383,64,441,5,20
2020-03-15,328,2711,54,495,8,28
2020-03-16,1065,3776,118,613,7,35
2020-03-17,1088,4864,97,710,12,47
2020-03-18,1214,6078,113,823,8,55
2020-03-19,837,6915,109,932,14,69
2020-03-20,1147,8062,141,1073,21,90
2020-03-21,693,8755,117,1190,19,109
2020-03-22,548,9303,134,1324,18,127
2020-03-23,1464,10767,161,1485,23,150
2020-03-24,1244,12011,181,1666,19,169
2020-03-25,1072,13083,198,1864,39,208
2020-03-26,1118,14201,164,2028,38,246
2020-03-27,1308,15509,207,2235,31,277
2020-03-28,723,16232,122,2357,57,334
2020-03-29,434,16666,121,2478,45,379
2020-03-30,1310,17976,164,2642,58,437
2020-03-31,1137,19113,125,2767,44,481
2020-04-01,1016,20129,97,2864,57,538
2020-04-02,878,21007,95,2959,60,598
2020-04-03,928,21935,75,3034,54,652
2020-04-04,486,22421,56,3090,55,707
2020-04-05,281,22702,50,3140,50,757
2020-04-06,925,23627,72,3212,50,807
2020-04-07,715,24342,58,3270,53,860
2020-04-08,613,24955,59,3329,57,917
2020-04-09,559,25514,57,3386,44,961
2020-04-10,309,25823,40,3426,50,1011
2020-04-11,262,26085,43,3469,44,1055
2020-04-12,219,26304,32,3501,36,1091
2020-04-13,245,26549,27,3528,35,1126
2020-04-14,425,26974,52,3580,37,1163
2020-04-15,328,27302,32,3612,37,1200
2020-04-16,321,27623,37,3649,38,1238
2020-04-17,291,27914,32,3681,36,1274
2020-04-18,144,28058,14,3695,31,1305
2020-04-19,87,28145,23,3718,21,1326
2020-04-20,277,28422,23,3741,37,1363
2020-04-21,213,28635,18,3759,33,1396
2020-04-22,156,28791,20,3779,26,1422
2020-04-23,208,28999,9,3788,29,1451
2020-04-24,167,29166,13,3801,24,1475
2020-04-25,87,29253,14,3815,24,1499
2020-04-26,61,29314,6,3821,13,1512
2020-04-27,173,29487,13,3834,23,1535
2020-04-28,153,29640,14,3848,11,1546
2020-04-29,120,29760,11,3859,10,1556
2020-04-30,101,29861,4,3863,13,1569
2020-05-01,83,29944,7,3870,12,1581
2020-05-02,47,29991,7,3877,9,1590
2020-05-03,23,30014,7,3884,8,1598
2020-05-04,90,30104,3,3887,9,1607
2020-05-05,73,30177,6,3893,8,1615
2020-05-06,80,30257,2,3895,4,1619
2020-05-07,46,30303,7,3902,11,1630
2020-05-08,59,30362,3,3905,7,1637
2020-05-09,39,30401,2,3907,5,1642
2020-05-10,16,30417,6,3913,7,1649
2020-05-11,47,30464,5,3918,3,1652
2020-05-12,43,30507,1,3919,1,1653
2020-05-13,37,30544,6,3925,1,1654
2020-05-14,38,30582,3,3928,2,1656
2020-05-15,41,30623,3,3931,5,1661
2020-05-16,15,30638,3,3934,1,1662
2020-05-17,12,30650,5,3939,4,1666
2020-05-18,34,30684,4,3943,3,1669
2020-05-19,36,30720,2,3945,4,1673
2020-05-20,29,30749,2,3947,0,1673
2020-05-21,11,30760,3,3950,5,1678
2020-05-22,20,30780,4,3954,1,1679
2020-05-23,16,30796,1,3955,1,1680
2020-05-24,10,30806,1,3956,0,1680
2020-05-25,15,30821,1,3957,2,1682
2020-05-26,19,30840,5,3962,2,1684
2020-05-27,25,30865,0,3962,0,1684
2020-05-28,30,30895,4,3966,0,1684
2020-05-29,21,30916,2,3968,0,1684
2020-05-30,11,30927,3,3971,0,1684
2020-05-31,7,30934,3,3974,0,1684
2020-06-01,3,30937,0,3974,0,1684
2020-06-02,22,30959,0,3974,0,1684
2020-06-03,23,30982,2,3976,0,1684
2020-06-04,17,30999,3,3979,0,1684
2020-06-05,15,31014,0,3979,0,1684
2020-06-06,10,31024,0,3979,1,1685
2020-06-07,8,31032,0,3979,0,1685
2020-06-08,25,31057,1,3980,1,1686
2020-06-09,11,31068,0,3980,0,1686
2020-06-10,24,31092,1,3981,1,1687
2020-06-11,25,31117,1,3982,0,1687
2020-06-12,34,31151,1,3983,0,1687
2020-06-13,9,31160,0,3983,1,1688
2020-06-14,12,31172,1,3984,0,1688
2020-06-15,32,31204,1,3985,0,1688
2020-06-16,21,31225,0,3985,1,1689
2020-06-17,18,31243,2,3987,0,1689
2020-06-18,18,31261,3,3990,0,1689
2020-06-19,37,31298,3,3993,0,1689
2020-06-20,32,31330,6,3999,0,1689
2020-06-21,13,31343,0,3999,1,1690
2020-06-22,56,31399,2,4001,1,1691
2020-06-23,37,31436,3,4004,0,1691
2020-06-24,64,31500,3,4007,0,1691
2020-06-25,48,31548,0,4007,0,1691
2020-06-26,92,31640,4,4011,0,1691
2020-06-27,36,31676,1,4012,0,1691
2020-06-28,22,31698,1,4013,0,1691
2020-06-29,158,31856,5,4018,1,1692
2020-06-30,136,31992,8,4026,0,1692
2020-07-01,102,32094,6,4032,1,1693
2020-07-02,127,32221,5,4037,0,1693
2020-07-03,96,32317,5,4042,0,1693
2020-07-04,26,32343,2,4044,0,1693
2020-07-05,37,32380,7,4051,0,1693
2020-07-06,105,32485,2,4053,0,1693
2020-07-07,107,32592,6,4059,0,1693
2020-07-08,96,32688,2,4061,2,1695
2020-07-09,97,32785,11,4072,0,1695
2020-07-10,111,32896,7,4079,0,1695
2020-07-11,70,32966,10,4089,0,1695
2020-07-12,46,33012,12,4101,0,1695
2020-07-13,120,33132,5,4106,1,1696
2020-07-14,128,33260,5,4111,0,1696
2020-07-15,122,33382,7,4118,1,1697
2020-07-16,106,33488,5,4123,1,1698
2020-07-17,115,33603,6,4129,1,1699
2020-07-18,80,33683,6,4135,0,1699
2020-07-19,41,33724,1,4136,0,1699
2020-07-20,127,33851,7,4143,2,1701
2020-07-21,138,33989,6,4149,1,1702
2020-07-22,117,34106,7,4156,0,1702
2020-07-23,143,34249,7,4163,0,1702
2020-07-24,148,34397,14,4177,1,1703
2020-07-25,95,34492,10,4187,1,1704
2020-07-26,57,34549,4,4191,0,1704
2020-07-27,193,34742,7,4198,1,1705
2020-07-28,188,34930,12,4210,1,1706
2020-07-29,220,35150,14,4224,0,1706
2020-07-30,211,35361,5,4229,0,1706
2020-07-31,163,35524,8,4237,2,1708
2020-08-01,96,35620,6,4243,1,1709
2020-08-02,80,35700,5,4248,0,1709
2020-08-03,196,35896,4,4252,0,1709
2020-08-04,181,36077,2,4254,1,1710
2020-08-05,152,36229,7,4261,1,1711
2020-08-06,156,36385,10,4271,1,1712
2020-08-07,184,36569,6,4277,1,1713
2020-08-08,130,36699,8,4285,1,1714
2020-08-09,99,36798,7,4292,0,1714
2020-08-10,281,37079,8,4300,1,1715
2020-08-11,255,37334,4,4304,0,1715
2020-08-12,247,37581,5,4309,0,1715
2020-08-13,273,37854,9,4318,1,1716
2020-08-14,234,38088,6,4324,0,1716
2020-08-15,149,38237,8,4332,3,1719
2020-08-16,141,38378,7,4339,0,1719
2020-08-17,286,38664,9,4348,1,1720
2020-08-18,295,38959,7,4355,0,1720
2020-08-19,284,39243,6,4361,0,1720
2020-08-20,350,39593,7,4368,0,1720
2020-08-21,314,39907,8,4376,1,1721
2020-08-22,193,40100,4,4380,1,1722
2020-08-23,136,40236,6,4386,2,1724
2020-08-24,306,40542,7,4393,1,1725
2020-08-25,337,40879,5,4398,0,1725
2020-08-26,362,41241,6,4404,0,1725
2020-08-27,352,41593,5,4409,2,1727
2020-08-28,374,41967,9,4418,0,1727
2020-08-29,216,42183,2,4420,0,1727
2020-08-30,144,42327,7,4427,1,1728
2020-08-31,346,42673,5,4432,1,1729
2020-09-01,364,43037,10,4442,1,1730
2020-09-02,415,43452,10,4452,3,1733
2020-09-03,436,43888,8,4460,1,1734
2020-09-04,424,44312,9,4469,2,1736
2020-09-05,293,44605,8,4477,2,1738
2020-09-06,170,44775,7,4484,3,1741
2020-09-07,466,45241,14,4498,1,1742
2020-09-08,388,45629,5,4503,1,1743
2020-09-09,461,46090,11,4514,7,1750
2020-09-10,506,46596,17,4531,0,1750
2020-09-11,531,47127,11,4542,4,1754
2020-09-12,266,47393,13,4555,3,1757
2020-09-13,238,47631,11,4566,1,1758
2020-09-14,502,48133,10,4576,0,1758
2020-09-15,458,48591,10,4586,3,1761
2020-09-16,516,49107,19,4605,5,1766
2020-09-17,498,49605,9,4614,4,1770
2020-09-18,445,50050,15,4629,2,1772
2020-09-19,285,50335,8,4637,1,1773
2020-09-20,201,50536,11,4648,0,1773
2020-09-21,395,50931,14,4662,3,1776
2020-09-22,425,51356,5,4667,1,1777
2020-09-23,385,51741,11,4678,1,1778
2020-09-24,309,52050,10,4688,3,1781
2020-09-25,359,52409,10,4698,1,1782
2020-09-26,222,52631,7,4705,2,1784
2020-09-27,120,52751,17,4722,1,1785
2020-09-28,367,53118,13,4735,3,1788
2020-09-29,448,53566,19,4754,1,1789
2020-09-30,538,54104,16,4770,0,1789
2020-10-01,597,54701,10,4780,4,1793
2020-10-02,672,55373,17,4797,0,1793
2020-10-03,510,55883,11,4808,0,1793
2020-10-04,314,56197,10,4818,1,1794
2020-10-05,1020,57217,9,4827,2,1796
2020-10-06,1096,58313,22,4849,1,1797
2020-10-07,1380,59693,27,4876,2,1799
2020-10-08,1474,61167,36,4912,3,1802
2020-10-09,1725,62892,28,4940,3,1805
2020-10-10,1251,64143,26,4966,3,1808
2020-10-11,807,64950,33,4999,3,1811
2020-10-12,2563,67513,50,5049,5,1816
2020-10-13,2691,70204,46,5095,5,1821
2020-10-14,2997,73201,64,5159,4,1825
2020-10-15,3393,76594,58,5217,4,1829
2020-10-16,3690,80284,52,5269,8,1837
2020-10-17,2381,82665,69,5338,6,1843
2020-10-18,1787,84452,46,5384,4,1847
2020-10-19,5406,89858,88,5472,9,1856
2020-10-20,5601,95459,81,5553,8,1864
2020-10-21,5530,100989,39,5592,9,1873
2020-10-22,2659,103648,9,5601,4,1877
2020-10-23,5,103653,0,5601,0,1877