date,new_cases,total_cases,new_hosp,total_hosp,new_deaths,total_deaths
2020-02-24,1,1,5,5,0,0
2020-02-25,1,2,4,9,0,0
2020-02-26,10,12,9,18,0,0
2020-02-27,10,22,4,22,0,0
2020-02-28,10,32,5,27,0,0
2020-02-29,13,45,12,39,0,0
2020-03-01,11,56,10,49,0,0
2020-03-02,31,87,14,63,0,0
2020-03-03,33,120,17,80,0,0
2020-03-04,61,181,12,92,0,0
2020-03-05,62,243,15,107,2,2
2020-03-06,73,316,23,130,0,2
2020-03-07,49,365,8,138,0,2
2020-03-08,69,434,17,155,1,3
2020-03-09,192,626,29,184,0,3
2020-03-10,212,838,40,224,2,5
2020-03-11,334,1172,48,272,3,8
2020-03-12,357,1529,51,323,4,12
2020-03-13,433,1962,54,377,3,15
2020-03-14,420,2382,64,441,5,20
2020-03-15,328,2710,54,495,8,28
2020-03-16,1065,3775,118,613,7,35
2020-03-17,1088,4863,97,710,12,47
2020-03-18,1214,6077,113,823,8,55
2020-03-19,837,6914,109,932,14,69
2020-03-20,1147,8061,141,1073,21,90
2020-03-21,693,8754,117,1190,19,109
2020-03-22,547,9301,134,1324,18,127
2020-03-23,1464,10765,161,1485,23,150
2020-03-24,1244,12009,181,1666,19,169
2020-03-25,1072,13081,198,1864,39,208
2020-03-26,1118,14199,164,2028,38,246
2020-03-27,1308,15507,207,2235,31,277
2020-03-28,723,16230,122,2357,57,334
2020-03-29,433,16663,121,2478,45,379
2020-03-30,1310,17973,164,2642,58,437
2020-03-31,1137,19110,125,2767,44,481
2020-04-01,1016,20126,97,2864,57,538
2020-04-02,878,21004,95,2959,60,598
2020-04-03,928,21932,75,3034,54,652
2020-04-04,486,22418,56,3090,55,707
2020-04-05,281,22699,50,3140,50,757
2020-04-06,925,23624,72,3212,50,807
2020-04-07,715,24339,58,3270,53,860
2020-04-08,613,24952,59,3329,57,917
2020-04-09,559,25511,57,3386,44,961
2020-04-10,309,25820,40,3426,50,1011
2020-04-11,262,26082,43,3469,44,1055
2020-04-12,219,26301,32,3501,35,1090
2020-04-13,245,26546,27,3528,35,1125
2020-04-14,425,26971,52,3580,37,1162
2020-04-15,328,27299,32,3612,37,1199
2020-04-16,321,27620,37,3649,38,1237
2020-04-17,291,27911,32,3681,36,1273
2020-04-18,144,28055,14,3695,31,1304
2020-04-19,86,28141,23,3718,21,1325
2020-04-20,277,28418,23,3741,37,1362
2020-04-21,213,28631,18,3759,33,1395
2020-04-22,156,28787,20,3779,26,1421
2020-04-23,208,28995,9,3788,29,1450
2020-04-24,167,29162,13,3801,24,1474
2020-04-25,87,29249,14,3815,24,1498
2020-04-26,61,29310,6,3821,13,1511
2020-04-27,173,29483,13,3834,23,1534
2020-04-28,153,29636,14,3848,11,1545
2020-04-29,120,29756,11,3859,10,1555
2020-04-30,101,29857,4,3863,13,1568
2020-05-01,83,29940,7,3870,12,1580
2020-05-02,47,29987,7,3877,9,1589
2020-05-03,23,30010,7,3884,8,1597
2020-05-04,90,30100,3,3887,9,1606
2020-05-05,73,30173,6,3893,8,1614
2020-05-06,80,30253,2,3895,4,1618
2020-05-07,46,30299,7,3902,11,1629
2020-05-08,59,30358,3,3905,7,1636
2020-05-09,39,30397,2,3907,5,1641
2020-05-10,16,30413,6,3913,7,1648
2020-05-11,47,30460,5,3918,3,1651
2020-05-12,43,30503,1,3919,1,1652
2020-05-13,37,30540,5,3924,1,1653
2020-05-14,37,30577,3,3927,2,1655
2020-05-15,41,30618,3,3930,5,1660
2020-05-16,15,30633,3,3933,1,1661
2020-05-17,12,30645,5,3938,4,1665
2020-05-18,34,30679,4,3942,3,1668
2020-05-19,36,30715,2,3944,4,1672
2020-05-20,29,30744,2,3946,0,1672
2020-05-21,11,30755,3,3949,5,1677
2020-05-22,20,30775,4,3953,1,1678
2020-05-23,16,30791,1,3954,1,1679
2020-05-24,10,30801,1,3955,0,1679
2020-05-25,15,30816,1,3956,2,1681
2020-05-26,18,30834,4,3960,2,1683
2020-05-27,25,30859,0,3960,0,1683
2020-05-28,30,30889,4,3964,0,1683
2020-05-29,21,30910,2,3966,0,1683
2020-05-30,10,30920,3,3969,0,1683
2020-05-31,7,30927,3,3972,0,1683
2020-06-01,3,30930,0,3972,0,1683
2020-06-02,22,30952,0,3972,0,1683
2020-06-03,23,30975,2,3974,0,1683
2020-06-04,17,30992,3,3977,0,1683
2020-06-05,15,31007,0,3977,0,1683
2020-06-06,10,31017,0,3977,1,1684
2020-06-07,8,31025,0,3977,0,1684
2020-06-08,25,31050,1,3978,1,1685
2020-06-09,11,31061,0,3978,0,1685
2020-06-10,24,31085,0,3978,1,1686
2020-06-11,25,31110,1,3979,0,1686
2020-06-12,34,31144,1,3980,0,1686
2020-06-13,9,31153,0,3980,1,1687
2020-06-14,12,31165,1,3981,0,1687
2020-06-15,32,31197,1,3982,0,1687
2020-06-16,21,31218,0,3982,1,1688
2020-06-17,18,31236,2,3984,0,1688
2020-06-18,18,31254,2,3986,0,1688
2020-06-19,37,31291,3,3989,0,1688
2020-06-20,32,31323,6,3995,0,1688
2020-06-21,13,31336,0,3995,1,1689
2020-06-22,56,31392,2,3997,1,1690
2020-06-23,37,31429,3,4000,0,1690
2020-06-24,64,31493,3,4003,0,1690
2020-06-25,48,31541,0,4003,0,1690
2020-06-26,92,31633,4,4007,0,1690
2020-06-27,36,31669,1,4008,0,1690
2020-06-28,22,31691,0,4008,0,1690
2020-06-29,158,31849,5,4013,1,1691
2020-06-30,136,31985,8,4021,0,1691
2020-07-01,102,32087,6,4027,1,1692
2020-07-02,127,32214,5,4032,0,1692
2020-07-03,96,32310,5,4037,0,1692
2020-07-04,26,32336,2,4039,0,1692
2020-07-05,37,32373,7,4046,0,1692
2020-07-06,105,32478,2,4048,0,1692
2020-07-07,107,32585,6,4054,0,1692
2020-07-08,96,32681,2,4056,2,1694
2020-07-09,97,32778,11,4067,0,1694
2020-07-10,111,32889,7,4074,0,1694
2020-07-11,70,32959,10,4084,0,1694
2020-07-12,46,33005,12,4096,0,1694
2020-07-13,120,33125,5,4101,1,1695
2020-07-14,128,33253,5,4106,0,1695
2020-07-15,120,33373,7,4113,1,1696
2020-07-16,106,33479,5,4118,1,1697
2020-07-17,115,33594,6,4124,1,1698
2020-07-18,80,33674,6,4130,0,1698
2020-07-19,41,33715,1,4131,0,1698
2020-07-20,127,33842,7,4138,2,1700
2020-07-21,138,33980,6,4144,1,1701
2020-07-22,117,34097,7,4151,0,1701
2020-07-23,143,34240,7,4158,0,1701
2020-07-24,148,34388,14,4172,1,1702
2020-07-25,95,34483,10,4182,1,1703
2020-07-26,57,34540,4,4186,0,1703
2020-07-27,193,34733,7,4193,1,1704
2020-07-28,188,34921,12,4205,1,1705
2020-07-29,220,35141,14,4219,0,1705
2020-07-30,211,35352,5,4224,0,1705
2020-07-31,163,35515,7,4231,2,1707
2020-08-01,96,35611,6,4237,1,1708
2020-08-02,80,35691,5,4242,0,1708
2020-08-03,196,35887,4,4246,0,1708
2020-08-04,181,36068,2,4248,1,1709
2020-08-05,152,36220,7,4255,1,1710
2020-08-06,156,36376,11,4266,1,1711
2020-08-07,183,36559,6,4272,1,1712
2020-08-08,130,36689,8,4280,1,1713
2020-08-09,99,36788,7,4287,0,1713
2020-08-10,281,37069,8,4295,1,1714
2020-08-11,255,37324,4,4299,0,1714
2020-08-12,247,37571,5,4304,0,1714
2020-08-13,273,37844,9,4313,1,1715
2020-08-14,234,38078,6,4319,0,1715
2020-08-15,149,38227,8,4327,3,1718
2020-08-16,141,38368,7,4334,0,1718
2020-08-17,286,38654,8,4342,1,1719
2020-08-18,295,38949,7,4349,0,1719
2020-08-19,284,39233,5,4354,0,1719
2020-08-20,350,39583,7,4361,0,1719
2020-08-21,314,39897,8,4369,1,1720
2020-08-22,193,40090,3,4372,1,1721
2020-08-23,136,40226,5,4377,2,1723
2020-08-24,306,40532,6,4383,1,1724
2020-08-25,337,40869,5,4388,0,1724
2020-08-26,361,41230,6,4394,0,1724
2020-08-27,352,41582,4,4398,2,1726
2020-08-28,374,41956,7,4405,0,1726
2020-08-29,214,42170,2,4407,0,1726
2020-08-30,144,42314,6,4413,1,1727
2020-08-31,346,42660,4,4417,1,1728
2020-09-01,364,43024,8,4425,1,1729
2020-09-02,415,43439,10,4435,3,1732
2020-09-03,436,43875,7,4442,1,1733
2020-09-04,424,44299,9,4451,2,1735
2020-09-05,293,44592,5,4456,2,1737
2020-09-06,170,44762,6,4462,3,1740
2020-09-07,466,45228,13,4475,1,1741
2020-09-08,387,45615,3,4478,1,1742
2020-09-09,461,46076,11,4489,7,1749
2020-09-10,506,46582,16,4505,0,1749
2020-09-11,531,47113,10,4515,4,1753
2020-09-12,266,47379,12,4527,3,1756
2020-09-13,238,47617,11,4538,1,1757
2020-09-14,501,48118,9,4547,0,1757
2020-09-15,458,48576,8,4555,3,1760
2020-09-16,516,49092,17,4572,5,1765
2020-09-17,498,49590,7,4579,4,1769
2020-09-18,445,50035,15,4594,2,1771
2020-09-19,287,50322,8,4602,1,1772
2020-09-20,201,50523,8,4610,0,1772
2020-09-21,396,50919,11,4621,2,1774
2020-09-22,422,51341,2,4623,1,1775
2020-09-23,371,51712,7,4630,1,1776
2020-09-24,151,51863,1,4631,2,1778
2020-09-25,1,51864,0,4631,0,1778