date,new_cases,total_cases,new_hosp,total_hosp,new_deaths,total_deaths
2020-02-24,1,1,5,5,0,0
2020-02-25,1,2,4,9,0,0
2020-02-26,10,12,9,18,0,0
2020-02-27,10,22,5,23,0,0
2020-02-28,10,32,5,28,0,0
2020-02-29,13,45,14,42,0,0
2020-03-01,11,56,10,52,0,0
2020-03-02,31,87,14,66,0,0
2020-03-03,33,120,17,83,0,0
2020-03-04,61,181,13,96,0,0
2020-03-05,62,243,18,114,2,2
2020-03-06,73,316,24,138,0,2
2020-03-07,49,365,8,146,0,2
2020-03-08,69,434,18,164,1,3
2020-03-09,191,625,29,193,0,3
2020-03-10,212,837,42,235,2,5
2020-03-11,334,1171,49,284,3,8
2020-03-12,358,1529,52,336,4,12
2020-03-13,433,1962,58,394,3,15
2020-03-14,421,2383,65,459,5,20
2020-03-15,329,2712,56,515,8,28
2020-03-16,1065,3777,120,635,7,35
2020-03-17,1088,4865,98,733,12,47
2020-03-18,1215,6080,113,846,8,55
2020-03-19,837,6917,110,956,14,69
2020-03-20,1146,8063,143,1099,21,90
2020-03-21,693,8756,118,1217,19,109
2020-03-22,549,9305,137,1354,18,127
2020-03-23,1465,10770,166,1520,23,150
2020-03-24,1244,12014,181,1701,19,169
2020-03-25,1072,13086,202,1903,39,208
2020-03-26,1118,14204,168,2071,38,246
2020-03-27,1306,15510,211,2282,32,278
2020-03-28,723,16233,126,2408,57,335
2020-03-29,435,16668,123,2531,45,380
2020-03-30,1311,17979,168,2699,58,438
2020-03-31,1137,19116,128,2827,44,482
2020-04-01,1016,20132,99,2926,59,541
2020-04-02,878,21010,97,3023,61,602
2020-04-03,929,21939,76,3099,57,659
2020-04-04,486,22425,58,3157,56,715
2020-04-05,281,22706,50,3207,51,766
2020-04-06,927,23633,74,3281,50,816
2020-04-07,716,24349,59,3340,57,873
2020-04-08,613,24962,60,3400,58,931
2020-04-09,561,25523,60,3460,45,976
2020-04-10,310,25833,45,3505,52,1028
2020-04-11,259,26092,46,3551,45,1073
2020-04-12,219,26311,35,3586,36,1109
2020-04-13,245,26556,29,3615,36,1145
2020-04-14,424,26980,52,3667,37,1182
2020-04-15,327,27307,34,3701,38,1220
2020-04-16,322,27629,39,3740,38,1258
2020-04-17,290,27919,32,3772,36,1294
2020-04-18,145,28064,15,3787,34,1328
2020-04-19,87,28151,23,3810,22,1350
2020-04-20,277,28428,23,3833,38,1388
2020-04-21,213,28641,19,3852,33,1421
2020-04-22,155,28796,22,3874,27,1448
2020-04-23,208,29004,9,3883,31,1479
2020-04-24,167,29171,13,3896,27,1506
2020-04-25,87,29258,15,3911,25,1531
2020-04-26,61,29319,6,3917,13,1544
2020-04-27,173,29492,13,3930,23,1567
2020-04-28,154,29646,15,3945,12,1579
2020-04-29,120,29766,11,3956,11,1590
2020-04-30,101,29867,5,3961,16,1606
2020-05-01,83,29950,8,3969,12,1618
2020-05-02,47,29997,7,3976,9,1627
2020-05-03,22,30019,7,3983,8,1635
2020-05-04,90,30109,4,3987,9,1644
2020-05-05,73,30182,6,3993,10,1654
2020-05-06,79,30261,3,3996,4,1658
2020-05-07,46,30307,7,4003,12,1670
2020-05-08,59,30366,3,4006,7,1677
2020-05-09,39,30405,2,4008,5,1682
2020-05-10,15,30420,6,4014,7,1689
2020-05-11,47,30467,5,4019,3,1692
2020-05-12,42,30509,1,4020,1,1693
2020-05-13,37,30546,5,4025,1,1694
2020-05-14,37,30583,3,4028,2,1696
2020-05-15,41,30624,3,4031,5,1701
2020-05-16,15,30639,3,4034,1,1702
2020-05-17,12,30651,5,4039,5,1707
2020-05-18,34,30685,3,4042,3,1710
2020-05-19,36,30721,2,4044,4,1714
2020-05-20,29,30750,2,4046,0,1714
2020-05-21,11,30761,3,4049,5,1719
2020-05-22,20,30781,4,4053,1,1720
2020-05-23,14,30795,1,4054,1,1721
2020-05-24,10,30805,0,4054,0,1721
2020-05-25,15,30820,1,4055,2,1723
2020-05-26,18,30838,5,4060,2,1725
2020-05-27,25,30863,0,4060,0,1725
2020-05-28,30,30893,5,4065,0,1725
2020-05-29,21,30914,2,4067,0,1725
2020-05-30,10,30924,3,4070,0,1725
2020-05-31,7,30931,3,4073,0,1725
2020-06-01,3,30934,0,4073,0,1725
2020-06-02,22,30956,0,4073,0,1725
2020-06-03,23,30979,2,4075,0,1725
2020-06-04,17,30996,3,4078,0,1725
2020-06-05,15,31011,0,4078,0,1725
2020-06-06,10,31021,0,4078,1,1726
2020-06-07,8,31029,0,4078,0,1726
2020-06-08,25,31054,2,4080,1,1727
2020-06-09,11,31065,0,4080,0,1727
2020-06-10,24,31089,1,4081,1,1728
2020-06-11,25,31114,1,4082,0,1728
2020-06-12,34,31148,3,4085,1,1729
2020-06-13,9,31157,0,4085,1,1730
2020-06-14,12,31169,1,4086,0,1730
2020-06-15,32,31201,1,4087,0,1730
2020-06-16,21,31222,0,4087,1,1731
2020-06-17,18,31240,2,4089,0,1731
2020-06-18,18,31258,3,4092,0,1731
2020-06-19,37,31295,5,4097,0,1731
2020-06-20,32,31327,6,4103,0,1731
2020-06-21,13,31340,0,4103,1,1732
2020-06-22,56,31396,3,4106,1,1733
2020-06-23,37,31433,3,4109,0,1733
2020-06-24,64,31497,4,4113,0,1733
2020-06-25,48,31545,0,4113,0,1733
2020-06-26,92,31637,5,4118,0,1733
2020-06-27,36,31673,1,4119,0,1733
2020-06-28,24,31697,1,4120,0,1733
2020-06-29,160,31857,5,4125,1,1734
2020-06-30,138,31995,8,4133,0,1734
2020-07-01,102,32097,6,4139,1,1735
2020-07-02,127,32224,5,4144,0,1735
2020-07-03,96,32320,5,4149,0,1735
2020-07-04,26,32346,2,4151,0,1735
2020-07-05,37,32383,7,4158,0,1735
2020-07-06,106,32489,4,4162,0,1735
2020-07-07,107,32596,7,4169,0,1735
2020-07-08,97,32693,4,4173,2,1737
2020-07-09,97,32790,11,4184,0,1737
2020-07-10,111,32901,7,4191,1,1738
2020-07-11,71,32972,10,4201,0,1738
2020-07-12,47,33019,12,4213,0,1738
2020-07-13,120,33139,5,4218,1,1739
2020-07-14,129,33268,5,4223,0,1739
2020-07-15,123,33391,8,4231,1,1740
2020-07-16,107,33498,5,4236,1,1741
2020-07-17,116,33614,6,4242,1,1742
2020-07-18,80,33694,6,4248,0,1742
2020-07-19,42,33736,1,4249,0,1742
2020-07-20,127,33863,7,4256,2,1744
2020-07-21,138,34001,6,4262,1,1745
2020-07-22,117,34118,8,4270,0,1745
2020-07-23,143,34261,8,4278,0,1745
2020-07-24,148,34409,16,4294,1,1746
2020-07-25,95,34504,10,4304,1,1747
2020-07-26,57,34561,4,4308,0,1747
2020-07-27,194,34755,8,4316,1,1748
2020-07-28,190,34945,13,4329,1,1749
2020-07-29,220,35165,14,4343,0,1749
2020-07-30,212,35377,6,4349,0,1749
2020-07-31,164,35541,9,4358,2,1751
2020-08-01,97,35638,6,4364,1,1752
2020-08-02,80,35718,6,4370,0,1752
2020-08-03,196,35914,5,4375,0,1752
2020-08-04,181,36095,2,4377,1,1753
2020-08-05,152,36247,7,4384,1,1754
2020-08-06,156,36403,13,4397,1,1755
2020-08-07,185,36588,6,4403,1,1756
2020-08-08,130,36718,9,4412,1,1757
2020-08-09,100,36818,7,4419,0,1757
2020-08-10,282,37100,9,4428,1,1758
2020-08-11,256,37356,6,4434,0,1758
2020-08-12,247,37603,5,4439,0,1758
2020-08-13,275,37878,10,4449,1,1759
2020-08-14,233,38111,9,4458,0,1759
2020-08-15,149,38260,8,4466,3,1762
2020-08-16,140,38400,7,4473,0,1762
2020-08-17,286,38686,10,4483,1,1763
2020-08-18,295,38981,7,4490,0,1763
2020-08-19,285,39266,7,4497,0,1763
2020-08-20,350,39616,8,4505,0,1763
2020-08-21,314,39930,9,4514,1,1764
2020-08-22,193,40123,5,4519,1,1765
2020-08-23,136,40259,5,4524,2,1767
2020-08-24,306,40565,7,4531,1,1768
2020-08-25,340,40905,6,4537,0,1768
2020-08-26,363,41268,7,4544,0,1768
2020-08-27,353,41621,6,4550,2,1770
2020-08-28,377,41998,9,4559,0,1770
2020-08-29,216,42214,2,4561,0,1770
2020-08-30,144,42358,7,4568,1,1771
2020-08-31,347,42705,9,4577,1,1772
2020-09-01,364,43069,11,4588,1,1773
2020-09-02,417,43486,11,4599,3,1776
2020-09-03,438,43924,13,4612,1,1777
2020-09-04,427,44351,13,4625,2,1779
2020-09-05,295,44646,10,4635,2,1781
2020-09-06,170,44816,8,4643,3,1784
2020-09-07,467,45283,14,4657,1,1785
2020-09-08,388,45671,8,4665,1,1786
2020-09-09,462,46133,15,4680,7,1793
2020-09-10,507,46640,23,4703,0,1793
2020-09-11,535,47175,16,4719,4,1797
2020-09-12,266,47441,13,4732,4,1801
2020-09-13,238,47679,12,4744,1,1802
2020-09-14,504,48183,10,4754,0,1802
2020-09-15,457,48640,11,4765,3,1805
2020-09-16,517,49157,22,4787,5,1810
2020-09-17,499,49656,16,4803,4,1814
2020-09-18,446,50102,26,4829,2,1816
2020-09-19,285,50387,12,4841,1,1817
2020-09-20,201,50588,12,4853,0,1817
2020-09-21,396,50984,22,4875,3,1820
2020-09-22,427,51411,11,4886,1,1821
2020-09-23,389,51800,17,4903,1,1822
2020-09-24,311,52111,21,4924,4,1826
2020-09-25,360,52471,14,4938,1,1827
2020-09-26,223,52694,9,4947,2,1829
2020-09-27,120,52814,20,4967,1,1830
2020-09-28,370,53184,21,4988,3,1833
2020-09-29,449,53633,30,5018,1,1834
2020-09-30,541,54174,25,5043,0,1834
2020-10-01,603,54777,23,5066,5,1839
2020-10-02,680,55457,29,5095,1,1840
2020-10-03,515,55972,20,5115,0,1840
2020-10-04,314,56286,16,5131,1,1841
2020-10-05,1022,57308,26,5157,2,1843
2020-10-06,1099,58407,38,5195,1,1844
2020-10-07,1380,59787,38,5233,2,1846
2020-10-08,1476,61263,58,5291,3,1849
2020-10-09,1729,62992,49,5340,3,1852
2020-10-10,1257,64249,35,5375,4,1856
2020-10-11,811,65060,47,5422,4,1860
2020-10-12,2572,67632,84,5506,6,1866
2020-10-13,2701,70333,72,5578,7,1873
2020-10-14,3006,73339,92,5670,5,1878
2020-10-15,3411,76750,102,5772,6,1884
2020-10-16,3699,80449,111,5883,10,1894
2020-10-17,2385,82834,117,6000,7,1901
2020-10-18,1786,84620,74,6074,8,1909
2020-10-19,5427,90047,163,6237,16,1925
2020-10-20,5710,95757,164,6401,12,1937
2020-10-21,6493,102250,150,6551,18,1955
2020-10-22,6798,109048,172,6723,25,1980
2020-10-23,7526,116574,206,6929,26,2006
2020-10-24,4699,121273,172,7101,26,2032
2020-10-25,3233,124506,197,7298,22,2054
2020-10-26,10155,134661,248,7546,20,2074
2020-10-27,9769,144430,216,7762,42,2116
2020-10-28,9315,153745,247,8009,44,2160
2020-10-29,9002,162747,239,8248,58,2218
2020-10-30,8973,171720,308,8556,43,2261
2020-10-31,5154,176874,172,8728,61,2322
2020-11-01,3649,180523,215,8943,61,2383
2020-11-02,10562,191085,305,9248,61,2444
2020-11-03,9632,200717,271,9519,80,2524
2020-11-04,8751,209468,226,9745,83,2607
2020-11-05,7866,217334,223,9968,81,2688
2020-11-06,7401,224735,272,10240,94,2782
2020-11-07,4202,228937,225,10465,71,2853
2020-11-08,3001,231938,174,10639,90,2943
2020-11-09,8728,240666,289,10928,87,3030
2020-11-10,7425,248091,223,11151,87,3117
2020-11-11,6382,254473,234,11385,93,3210
2020-11-12,5984,260457,224,11609,109,3319
2020-11-13,5706,266163,248,11857,87,3406
2020-11-14,3222,269385,181,12038,83,3489
2020-11-15,2326,271711,144,12182,87,3576
2020-11-16,6604,278315,276,12458,95,3671
2020-11-17,5454,283769,214,12672,94,3765
2020-11-18,4873,288642,192,12864,108,3873
2020-11-19,4509,293151,173,13037,83,3956
2020-11-20,4344,297495,213,13250,84,4040
2020-11-21,2587,300082,109,13359,83,4123
2020-11-22,1903,301985,154,13513,85,4208
2020-11-23,5461,307446,226,13739,99,4307
2020-11-24,4454,311900,165,13904,93,4400
2020-11-25,4323,316223,176,14080,93,4493
2020-11-26,3968,320191,180,14260,80,4573
2020-11-27,4073,324264,191,14451,88,4661
2020-11-28,2327,326591,153,14604,89,4750
2020-11-29,1702,328293,119,14723,84,4834
2020-11-30,5301,333594,205,14928,95,4929
2020-12-01,4276,337870,156,15084,88,5017
2020-12-02,4438,342308,172,15256,94,5111
2020-12-03,4336,346644,184,15440,81,5192
2020-12-04,4575,351219,184,15624,82,5274
2020-12-05,2532,353751,141,15765,97,5371
2020-12-06,1942,355693,134,15899,71,5442
2020-12-07,5851,361544,223,16122,80,5522
2020-12-08,4687,366231,175,16297,97,5619
2020-12-09,5262,371493,205,16502,87,5706
2020-12-10,4661,376154,170,16672,84,5790
2020-12-11,4709,380863,165,16837,90,5880
2020-12-12,2891,383754,146,16983,85,5965
2020-12-13,2117,385871,141,17124,86,6051
2020-12-14,5946,391817,196,17320,98,6149
2020-12-15,5206,397023,182,17502,91,6240
2020-12-16,4854,401877,176,17678,94,6334
2020-12-17,4422,406299,164,17842,90,6424
2020-12-18,4393,410692,191,18033,94,6518
2020-12-19,2709,413401,134,18167,80,6598
2020-12-20,1975,415376,109,18276,102,6700
2020-12-21,5665,421041,194,18470,90,6790
2020-12-22,4665,425706,163,18633,83,6873
2020-12-23,4525,430231,169,18802,82,6955
2020-12-24,3082,433313,166,18968,91,7046
2020-12-25,1750,435063,152,19120,67,7113
2020-12-26,2380,437443,140,19260,97,7210
2020-12-27,2145,439588,127,19387,93,7303
2020-12-28,5073,444661,223,19610,84,7387
2020-12-29,4500,449161,161,19771,80,7467
2020-12-30,4241,453402,171,19942,93,7560
2020-12-31,3079,456481,135,20077,82,7642
2021-01-01,1698,458179,136,20213,76,7718
2021-01-02,2750,460929,177,20390,70,7788
2021-01-03,2244,463173,143,20533,69,7857
2021-01-04,5318,468491,189,20722,53,7910
2021-01-05,4208,472699,143,20865,64,7974
2021-01-06,3365,476064,136,21001,63,8037
2021-01-07,3187,479251,158,21159,67,8104
2021-01-08,3068,482319,140,21299,49,8153
2021-01-09,1694,484013,117,21416,69,8222
2021-01-10,1305,485318,84,21500,58,8280
2021-01-11,3484,488802,133,21633,59,8339
2021-01-12,2619,491421,100,21733,55,8394
2021-01-13,2495,493916,121,21854,59,8453
2021-01-14,2240,496156,98,21952,49,8502
2021-01-15,2163,498319,94,22046,65,8567
2021-01-16,1343,499662,80,22126,51,8618
2021-01-17,900,500562,67,22193,38,8656
2021-01-18,2954,503516,116,22309,38,8694
2021-01-19,2342,505858,89,22398,63,8757
2021-01-20,2295,508153,85,22483,46,8803
2021-01-21,2061,510214,85,22568,48,8851
2021-01-22,2046,512260,94,22662,44,8895
2021-01-23,1105,513365,41,22703,46,8941
2021-01-24,740,514105,36,22739,49,8990
2021-01-25,2496,516601,81,22820,32,9022
2021-01-26,1855,518456,84,22904,41,9063
2021-01-27,1880,520336,66,22970,34,9097
2021-01-28,1790,522126,72,23042,42,9139
2021-01-29,1768,523894,61,23103,36,9175
2021-01-30,1022,524916,56,23159,30,9205
2021-01-31,745,525661,47,23206,27,9232
2021-02-01,2176,527837,76,23282,31,9263
2021-02-02,1655,529492,67,23349,24,9287
2021-02-03,1738,531230,68,23417,19,9306
2021-02-04,1442,532672,60,23477,24,9330
2021-02-05,1508,534180,56,23533,22,9352
2021-02-06,891,535071,53,23586,26,9378
2021-02-07,676,535747,46,23632,20,9398
2021-02-08,1756,537503,65,23697,20,9418
2021-02-09,1353,538856,43,23740,16,9434
2021-02-10,1261,540117,50,23790,23,9457
2021-02-11,1174,541291,50,23840,14,9471
2021-02-12,1131,542422,47,23887,16,9487
2021-02-13,721,543143,35,23922,18,9505
2021-02-14,486,543629,40,23962,22,9527
2021-02-15,1305,544934,40,24002,19,9546
2021-02-16,1137,546071,48,24050,8,9554
2021-02-17,1216,547287,50,24100,9,9563
2021-02-18,1009,548296,67,24167,10,9573
2021-02-19,1094,549390,46,24213,14,9587
2021-02-20,692,550082,27,24240,15,9602
2021-02-21,531,550613,35,24275,11,9613
2021-02-22,1410,552023,45,24320,9,9622
2021-02-23,1264,553287,42,24362,10,9632
2021-02-24,1084,554371,48,24410,8,9640
2021-02-25,1121,555492,53,24463,10,9650
2021-02-26,1081,556573,41,24504,9,9659
2021-02-27,728,557301,30,24534,10,9669
2021-02-28,551,557852,34,24568,7,9676
2021-03-01,1420,559272,46,24614,8,9684
2021-03-02,1235,560507,58,24672,11,9695
2021-03-03,1245,561752,59,24731,9,9704
2021-03-04,1065,562817,41,24772,10,9714
2021-03-05,1279,564096,55,24827,10,9724
2021-03-06,767,564863,43,24870,8,9732
2021-03-07,584,565447,40,24910,9,9741
2021-03-08,1702,567149,63,24973,10,9751
2021-03-09,1388,568537,39,25012,8,9759
2021-03-10,1392,569929,57,25069,12,9771
2021-03-11,1341,571270,49,25118,13,9784
2021-03-12,1346,572616,53,25171,9,9793
2021-03-13,929,573545,43,25214,14,9807
2021-03-14,706,574251,54,25268,9,9816
2021-03-15,1925,576176,73,25341,9,9825
2021-03-16,1656,577832,54,25395,11,9836
2021-03-17,1827,579659,53,25448,13,9849
2021-03-18,1650,581309,65,25513,9,9858
2021-03-19,1549,582858,69,25582,9,9867
2021-03-20,1114,583972,50,25632,4,9871
2021-03-21,789,584761,48,25680,7,9878
2021-03-22,2266,587027,67,25747,5,9883
2021-03-23,2001,589028,53,25800,12,9895
2021-03-24,1934,590962,69,25869,7,9902
2021-03-25,2146,593108,67,25936,13,9915
2021-03-26,2003,595111,79,26015,4,9919
2021-03-27,1215,596326,77,26092,10,9929
2021-03-28,1001,597327,57,26149,9,9938
2021-03-29,2538,599865,82,26231,5,9943
2021-03-30,2097,601962,79,26310,12,9955
2021-03-31,2135,604097,79,26389,14,9969
2021-04-01,1989,606086,74,26463,12,9981
2021-04-02,1212,607298,68,26531,6,9987
2021-04-03,1325,608623,83,26614,12,9999
2021-04-04,1027,609650,83,26697,10,10009
2021-04-05,1295,610945,69,26766,17,10026
2021-04-06,2694,613639,91,26857,10,10036
2021-04-07,2402,616041,67,26924,10,10046
2021-04-08,2506,618547,95,27019,5,10051
2021-04-09,2425,620972,82,27101,8,10059
2021-04-10,1688,622660,57,27158,6,10065
2021-04-11,1187,623847,51,27209,7,10072
2021-04-12,2751,626598,97,27306,3,10075
2021-04-13,2384,628982,60,27366,10,10085
2021-04-14,2226,631208,66,27432,6,10091
2021-04-15,2161,633369,86,27518,4,10095
2021-04-16,2132,635501,73,27591,7,10102
2021-04-17,1440,636941,62,27653,9,10111
2021-04-18,1055,637996,52,27705,7,10118
2021-04-19,2755,640751,75,27780,8,10126
2021-04-20,2402,643153,82,27862,10,10136
2021-04-21,2313,645466,84,27946,5,10141
2021-04-22,2273,647739,60,28006,7,10148
2021-04-23,2180,649919,73,28079,10,10158
2021-04-24,1465,651384,63,28142,6,10164
2021-04-25,1193,652577,54,28196,9,10173
2021-04-26,2457,655034,96,28292,13,10186
2021-04-27,2050,657084,72,28364,11,10197
2021-04-28,2016,659100,67,28431,7,10204
2021-04-29,1721,660821,64,28495,8,10212
2021-04-30,1684,662505,63,28558,9,10221
2021-05-01,1164,663669,64,28622,12,10233
2021-05-02,833,664502,40,28662,9,10242
2021-05-03,2026,666528,66,28728,5,10247
2021-05-04,1740,668268,47,28775,4,10251
2021-05-05,1652,669920,56,28831,11,10262
2021-05-06,1488,671408,48,28879,4,10266
2021-05-07,1576,672984,44,28923,7,10273
2021-05-08,1065,674049,35,28958,5,10278
2021-05-09,783,674832,44,29002,5,10283
2021-05-10,1722,676554,43,29045,6,10289
2021-05-11,1384,677938,40,29085,4,10293
2021-05-12,1442,679380,37,29122,0,10293
2021-05-13,673,680053,30,29152,5,10298
2021-05-14,1172,681225,31,29183,4,10302
2021-05-15,805,682030,29,29212,2,10304
2021-05-16,656,682686,28,29240,9,10313
2021-05-17,1673,684359,41,29281,1,10314
2021-05-18,1344,685703,40,29321,3,10317
2021-05-19,1213,686916,49,29370,6,10323
2021-05-20,1043,687959,39,29409,3,10326
2021-05-21,986,688945,30,29439,10,10336
2021-05-22,624,689569,25,29464,5,10341
2021-05-23,472,690041,30,29494,5,10346
2021-05-24,581,690622,16,29510,4,10350
2021-05-25,1150,691772,28,29538,4,10354
2021-05-26,926,692698,26,29564,2,10356
2021-05-27,851,693549,24,29588,3,10359
2021-05-28,752,694301,25,29613,2,10361
2021-05-29,502,694803,22,29635,4,10365
2021-05-30,359,695162,13,29648,0,10365
2021-05-31,855,696017,21,29669,2,10367
2021-06-01,656,696673,19,29688,1,10368
2021-06-02,553,697226,13,29701,3,10371
2021-06-03,470,697696,17,29718,6,10377
2021-06-04,492,698188,25,29743,4,10381
2021-06-05,314,698502,13,29756,2,10383
2021-06-06,187,698689,13,29769,6,10389
2021-06-07,584,699273,18,29787,2,10391
2021-06-08,418,699691,11,29798,2,10393
2021-06-09,375,700066,14,29812,3,10396
2021-06-10,307,700373,12,29824,3,10399
2021-06-11,319,700692,9,29833,3,10402
2021-06-12,194,700886,8,29841,2,10404
2021-06-13,121,701007,6,29847,2,10406
2021-06-14,328,701335,13,29860,0,10406
2021-06-15,234,701569,11,29871,1,10407
2021-06-16,191,701760,5,29876,4,10411
2021-06-17,156,701916,5,29881,3,10414
2021-06-18,151,702067,6,29887,3,10417
2021-06-19,103,702170,6,29893,0,10417
2021-06-20,78,702248,3,29896,1,10418
2021-06-21,165,702413,7,29903,2,10420
2021-06-22,124,702537,8,29911,0,10420
2021-06-23,129,702666,3,29914,1,10421
2021-06-24,113,702779,1,29915,1,10422
2021-06-25,98,702877,6,29921,1,10423
2021-06-26,60,702937,0,29921,0,10423
2021-06-27,61,702998,4,29925,2,10425
2021-06-28,151,703149,6,29931,0,10425
2021-06-29,118,703267,2,29933,2,10427
2021-06-30,161,703428,1,29934,0,10427
2021-07-01,171,703599,3,29937,0,10427
2021-07-02,168,703767,2,29939,1,10428
2021-07-03,129,703896,1,29940,0,10428
2021-07-04,139,704035,3,29943,0,10428
2021-07-05,313,704348,4,29947,0,10428
2021-07-06,293,704641,5,29952,0,10428
2021-07-07,322,704963,5,29957,0,10428
2021-07-08,316,705279,5,29962,0,10428
2021-07-09,329,705608,6,29968,1,10429
2021-07-10,257,705865,2,29970,1,10430
2021-07-11,230,706095,2,29972,1,10431
2021-07-12,574,706669,12,29984,0,10431
2021-07-13,523,707192,6,29990,1,10432
2021-07-14,591,707783,4,29994,0,10432
2021-07-15,628,708411,10,30004,0,10432
2021-07-16,645,709056,11,30015,0,10432
2021-07-17,455,709511,12,30027,1,10433
2021-07-18,398,709909,10,30037,0,10433
2021-07-19,859,710768,10,30047,1,10434
2021-07-20,740,711508,9,30056,0,10434
2021-07-21,874,712382,15,30071,2,10436
2021-07-22,727,713109,20,30091,0,10436
2021-07-23,744,713853,18,30109,0,10436
2021-07-24,540,714393,10,30119,1,10437
2021-07-25,484,714877,10,30129,1,10438
2021-07-26,953,715830,12,30141,1,10439
2021-07-27,742,716572,17,30158,5,10444
2021-07-28,787,717359,17,30175,3,10447
2021-07-29,783,718142,20,30195,1,10448
2021-07-30,803,718945,22,30217,0,10448
2021-07-31,659,719604,17,30234,0,10448
2021-08-01,537,720141,18,30252,1,10449
2021-08-02,1236,721377,25,30277,1,10450
2021-08-03,991,722368,23,30300,1,10451
2021-08-04,1072,723440,25,30325,0,10451
2021-08-05,1127,724567,35,30360,0,10451
2021-08-06,1152,725719,20,30380,0,10451
2021-08-07,1048,726767,32,30412,0,10451
2021-08-08,1013,727780,22,30434,1,10452
2021-08-09,2333,730113,45,30479,2,10454
2021-08-10,2041,732154,34,30513,2,10456
2021-08-11,2097,734251,56,30569,3,10459
2021-08-12,2175,736426,45,30614,2,10461
2021-08-13,2218,738644,60,30674,1,10462
2021-08-14,1685,740329,61,30735,3,10465
2021-08-15,1665,741994,82,30817,2,10467
2021-08-16,3963,745957,75,30892,3,10470
2021-08-17,2852,748809,82,30974,4,10474
2021-08-18,2720,751529,78,31052,1,10475
2021-08-19,2524,754053,84,31136,4,10479
2021-08-20,2566,756619,82,31218,7,10486
2021-08-21,1754,758373,61,31279,3,10489
2021-08-22,1637,760010,79,31358,3,10492
2021-08-23,3866,763876,97,31455,6,10498
2021-08-24,2920,766796,72,31527,8,10506
2021-08-25,2771,769567,68,31595,4,10510
2021-08-26,2695,772262,79,31674,7,10517
2021-08-27,2600,774862,71,31745,4,10521
2021-08-28,1680,776542,47,31792,8,10529
2021-08-29,1391,777933,62,31854,5,10534
2021-08-30,3568,781501,81,31935,13,10547
2021-08-31,2986,784487,67,32002,4,10551
2021-09-01,2953,787440,65,32067,8,10559
2021-09-02,3063,790503,63,32130,4,10563
2021-09-03,3085,793588,58,32188,8,10571
2021-09-04,1769,795357,45,32233,6,10577
2021-09-05,1411,796768,43,32276,9,10586
2021-09-06,4004,800772,68,32344,8,10594
2021-09-07,3057,803829,53,32397,11,10605
2021-09-08,3066,806895,60,32457,8,10613
2021-09-09,2772,809667,47,32504,7,10620
2021-09-10,2630,812297,47,32551,5,10625
2021-09-11,1554,813851,46,32597,7,10632
2021-09-12,1107,814958,44,32641,10,10642
2021-09-13,2770,817728,58,32699,8,10650
2021-09-14,2300,820028,50,32749,3,10653
2021-09-15,2248,822276,45,32794,7,10660
2021-09-16,2000,824276,39,32833,3,10663
2021-09-17,1697,825973,61,32894,11,10674
2021-09-18,1034,827007,34,32928,4,10678
2021-09-19,703,827710,34,32962,6,10684
2021-09-20,1888,829598,46,33008,4,10688
2021-09-21,1710,831308,45,33053,4,10692
2021-09-22,1533,832841,45,33098,6,10698
2021-09-23,1378,834219,33,33131,7,10705
2021-09-24,1345,835564,35,33166,9,10714
2021-09-25,890,836454,20,33186,5,10719
2021-09-26,608,837062,30,33216,7,10726
2021-09-27,1663,838725,48,33264,3,10729
2021-09-28,1208,839933,22,33286,7,10736
2021-09-29,1188,841121,26,33312,10,10746
2021-09-30,1196,842317,18,33330,1,10747
2021-10-01,1139,843456,27,33357,5,10752
2021-10-02,787,844243,16,33373,5,10757
2021-10-03,474,844717,26,33399,3,10760
2021-10-04,1280,845997,35,33434,4,10764
2021-10-05,1033,847030,25,33459,6,10770
2021-10-06,1012,848042,33,33492,1,10771
2021-10-07,1012,849054,17,33509,8,10779
2021-10-08,922,849976,25,33534,3,10782
2021-10-09,638,850614,20,33554,5,10787
2021-10-10,482,851096,19,33573,4,10791
2021-10-11,1176,852272,21,33594,10,10801
2021-10-12,970,853242,36,33630,6,10807
2021-10-13,966,854208,24,33654,6,10813
2021-10-14,963,855171,20,33674,3,10816
2021-10-15,994,856165,31,33705,3,10819
2021-10-16,703,856868,20,33725,0,10819
2021-10-17,685,857553,17,33742,4,10823
2021-10-18,1575,859128,24,33766,2,10825
2021-10-19,1299,860427,29,33795,6,10831
2021-10-20,1436,861863,34,33829,9,10840
2021-10-21,1376,863239,32,33861,3,10843
2021-10-22,1358,864597,25,33886,6,10849
2021-10-23,959,865556,24,33910,4,10853
2021-10-24,732,866288,26,33936,4,10857
2021-10-25,2031,868319,40,33976,8,10865
2021-10-26,1701,870020,32,34008,5,10870
2021-10-27,1815,871835,36,34044,9,10879
2021-10-28,1808,873643,35,34079,7,10886
2021-10-29,1869,875512,29,34108,4,10890
2021-10-30,1271,876783,37,34145,6,10896
2021-10-31,1088,877871,42,34187,5,10901
2021-11-01,2351,880222,52,34239,5,10906
2021-11-02,2995,883217,47,34286,3,10909
2021-11-03,2853,886070,47,34333,3,10912
2021-11-04,2860,888930,45,34378,3,10915
2021-11-05,2776,891706,40,34418,7,10922
2021-11-06,1942,893648,46,34464,3,10925
2021-11-07,1551,895199,39,34503,10,10935
2021-11-08,4238,899437,51,34554,10,10945
2021-11-09,3758,903195,66,34620,11,10956
2021-11-10,3994,907189,63,34683,5,10961
2021-11-11,3967,911156,62,34745,13,10974
2021-11-12,4168,915324,61,34806,7,10981
2021-11-13,2725,918049,67,34873,7,10988
2021-11-14,2203,920252,57,34930,8,10996
2021-11-15,6192,926444,104,35034,8,11004
2021-11-16,5678,932122,75,35109,14,11018
2021-11-17,6246,938368,86,35195,13,11031
2021-11-18,6117,944485,103,35298,17,11048
2021-11-19,6249,950734,95,35393,6,11054
2021-11-20,4197,954931,68,35461,9,11063
2021-11-21,3449,958380,78,35539,13,11076
2021-11-22,9235,967615,105,35644,20,11096
2021-11-23,8076,975691,96,35740,18,11114
2021-11-24,8539,984230,113,35853,18,11132
2021-11-25,8055,992285,100,35953,8,11140
2021-11-26,8022,1000307,125,36078,14,11154
2021-11-27,5298,1005605,105,36183,16,11170
2021-11-28,4285,1009890,102,36285,19,11189
2021-11-29,11566,1021456,142,36427,21,11210
2021-11-30,10063,1031519,114,36541,27,11237
2021-12-01,10490,1042009,136,36677,28,11265
2021-12-02,10222,1052231,139,36816,26,11291
2021-12-03,9858,1062089,143,36959,23,11314
2021-12-04,6310,1068399,109,37068,22,11336
2021-12-05,4984,1073383,96,37164,27,11363
2021-12-06,12740,1086123,141,37305,34,11397
2021-12-07,11096,1097219,136,37441,23,11420
2021-12-08,9987,1107206,129,37570,30,11450
2021-12-09,10476,1117682,143,37713,29,11479
2021-12-10,9806,1127488,145,37858,21,11500
2021-12-11,6132,1133620,103,37961,22,11522
2021-12-12,4422,1138042,98,38059,28,11550
2021-12-13,12482,1150524,137,38196,22,11572
2021-12-14,10585,1161109,112,38308,35,11607
2021-12-15,9579,1170688,119,38427,33,11640
2021-12-16,9188,1179876,110,38537,29,11669
2021-12-17,8780,1188656,111,38648,24,11693
2021-12-18,5905,1194561,102,38750,21,11714
2021-12-19,4366,1198927,99,38849,20,11734
2021-12-20,11516,1210443,136,38985,28,11762
2021-12-21,10818,1221261,138,39123,20,11782
2021-12-22,11045,1232306,113,39236,24,11806
2021-12-23,11310,1243616,123,39359,25,11831
2021-12-24,9649,1253265,97,39456,11,11842
2021-12-25,6469,1259734,101,39557,17,11859
2021-12-26,7405,1267139,104,39661,13,11872
2021-12-27,17465,1284604,106,39767,17,11889
2021-12-28,17719,1302323,143,39910,23,11912
2021-12-29,19064,1321387,112,40022,13,11925
2021-12-30,19811,1341198,96,40118,22,11947
2021-12-31,16172,1357370,100,40218,22,11969
2022-01-01,9411,1366781,104,40322,17,11986
2022-01-02,12835,1379616,99,40421,11,11997
2022-01-03,32334,1411950,138,40559,11,12008
2022-01-04,33439,1445389,145,40704,10,12018
2022-01-05,30641,1476030,124,40828,12,12030
2022-01-06,26133,1502163,123,40951,13,12043
2022-01-07,27319,1529482,117,41068,27,12070
2022-01-08,17823,1547305,71,41139,16,12086
2022-01-09,13433,1560738,65,41204,9,12095
2022-01-10,34569,1595307,105,41309,17,12112
2022-01-11,30885,1626192,83,41392,11,12123
2022-01-12,29545,1655737,90,41482,8,12131
2022-01-13,28655,1684392,79,41561,12,12143
2022-01-14,27672,1712064,81,41642,13,12156
2022-01-15,19317,1731381,70,41712,15,12171
2022-01-16,14763,1746144,68,41780,13,12184
2022-01-17,41389,1787533,82,41862,11,12195
2022-01-18,36102,1823635,53,41915,10,12205
2022-01-19,17554,1841189,10,41925,4,12209
2022-01-20,128,1841317,1,41926,0,12209