date,new_cases,total_cases,new_hosp,total_hosp,new_deaths,total_deaths
2020-02-24,1,1,5,5,0,0
2020-02-25,1,2,4,9,0,0
2020-02-26,10,12,9,18,0,0
2020-02-27,10,22,4,22,0,0
2020-02-28,10,32,5,27,0,0
2020-02-29,13,45,12,39,0,0
2020-03-01,11,56,10,49,0,0
2020-03-02,31,87,14,63,0,0
2020-03-03,33,120,17,80,0,0
2020-03-04,61,181,12,92,0,0
2020-03-05,62,243,15,107,2,2
2020-03-06,73,316,23,130,0,2
2020-03-07,49,365,8,138,0,2
2020-03-08,68,433,17,155,1,3
2020-03-09,192,625,29,184,0,3
2020-03-10,212,837,40,224,2,5
2020-03-11,334,1171,48,272,3,8
2020-03-12,357,1528,51,323,4,12
2020-03-13,433,1961,54,377,3,15
2020-03-14,420,2381,64,441,5,20
2020-03-15,328,2709,54,495,8,28
2020-03-16,1065,3774,118,613,7,35
2020-03-17,1088,4862,97,710,12,47
2020-03-18,1214,6076,112,822,8,55
2020-03-19,837,6913,109,931,14,69
2020-03-20,1147,8060,141,1072,21,90
2020-03-21,693,8753,117,1189,19,109
2020-03-22,548,9301,134,1323,18,127
2020-03-23,1464,10765,161,1484,23,150
2020-03-24,1244,12009,181,1665,19,169
2020-03-25,1072,13081,199,1864,39,208
2020-03-26,1118,14199,164,2028,38,246
2020-03-27,1308,15507,207,2235,31,277
2020-03-28,723,16230,122,2357,57,334
2020-03-29,434,16664,121,2478,45,379
2020-03-30,1310,17974,164,2642,58,437
2020-03-31,1138,19112,125,2767,44,481
2020-04-01,1016,20128,97,2864,57,538
2020-04-02,878,21006,95,2959,60,598
2020-04-03,928,21934,75,3034,54,652
2020-04-04,486,22420,57,3091,55,707
2020-04-05,281,22701,50,3141,50,757
2020-04-06,925,23626,71,3212,50,807
2020-04-07,715,24341,57,3269,53,860
2020-04-08,613,24954,59,3328,58,918
2020-04-09,559,25513,57,3385,44,962
2020-04-10,309,25822,40,3425,50,1012
2020-04-11,262,26084,43,3468,45,1057
2020-04-12,219,26303,32,3500,36,1093
2020-04-13,245,26548,27,3527,36,1129
2020-04-14,424,26972,52,3579,37,1166
2020-04-15,328,27300,32,3611,37,1203
2020-04-16,321,27621,37,3648,38,1241
2020-04-17,291,27912,32,3680,36,1277
2020-04-18,144,28056,14,3694,32,1309
2020-04-19,87,28143,23,3717,21,1330
2020-04-20,277,28420,23,3740,37,1367
2020-04-21,213,28633,18,3758,33,1400
2020-04-22,156,28789,21,3779,26,1426
2020-04-23,208,28997,9,3788,29,1455
2020-04-24,167,29164,13,3801,24,1479
2020-04-25,87,29251,14,3815,24,1503
2020-04-26,61,29312,6,3821,13,1516
2020-04-27,173,29485,13,3834,23,1539
2020-04-28,153,29638,14,3848,11,1550
2020-04-29,120,29758,11,3859,10,1560
2020-04-30,101,29859,4,3863,13,1573
2020-05-01,83,29942,7,3870,12,1585
2020-05-02,47,29989,7,3877,9,1594
2020-05-03,22,30011,7,3884,8,1602
2020-05-04,90,30101,4,3888,9,1611
2020-05-05,73,30174,6,3894,8,1619
2020-05-06,79,30253,2,3896,4,1623
2020-05-07,46,30299,7,3903,12,1635
2020-05-08,59,30358,3,3906,7,1642
2020-05-09,39,30397,2,3908,5,1647
2020-05-10,16,30413,6,3914,7,1654
2020-05-11,47,30460,5,3919,3,1657
2020-05-12,42,30502,1,3920,1,1658
2020-05-13,37,30539,5,3925,1,1659
2020-05-14,37,30576,3,3928,2,1661
2020-05-15,41,30617,3,3931,5,1666
2020-05-16,15,30632,3,3934,1,1667
2020-05-17,12,30644,5,3939,4,1671
2020-05-18,34,30678,3,3942,3,1674
2020-05-19,36,30714,2,3944,4,1678
2020-05-20,29,30743,2,3946,0,1678
2020-05-21,11,30754,3,3949,5,1683
2020-05-22,20,30774,4,3953,1,1684
2020-05-23,14,30788,1,3954,1,1685
2020-05-24,10,30798,0,3954,0,1685
2020-05-25,15,30813,1,3955,2,1687
2020-05-26,18,30831,5,3960,2,1689
2020-05-27,25,30856,0,3960,0,1689
2020-05-28,30,30886,5,3965,0,1689
2020-05-29,21,30907,2,3967,0,1689
2020-05-30,10,30917,3,3970,0,1689
2020-05-31,7,30924,3,3973,0,1689
2020-06-01,3,30927,0,3973,0,1689
2020-06-02,23,30950,0,3973,0,1689
2020-06-03,23,30973,2,3975,0,1689
2020-06-04,17,30990,3,3978,0,1689
2020-06-05,15,31005,0,3978,0,1689
2020-06-06,10,31015,0,3978,1,1690
2020-06-07,8,31023,0,3978,0,1690
2020-06-08,25,31048,1,3979,1,1691
2020-06-09,11,31059,0,3979,0,1691
2020-06-10,24,31083,1,3980,1,1692
2020-06-11,25,31108,1,3981,0,1692
2020-06-12,34,31142,2,3983,0,1692
2020-06-13,9,31151,0,3983,1,1693
2020-06-14,12,31163,1,3984,0,1693
2020-06-15,32,31195,1,3985,0,1693
2020-06-16,21,31216,0,3985,1,1694
2020-06-17,18,31234,2,3987,0,1694
2020-06-18,18,31252,3,3990,0,1694
2020-06-19,37,31289,5,3995,0,1694
2020-06-20,32,31321,6,4001,0,1694
2020-06-21,13,31334,0,4001,1,1695
2020-06-22,56,31390,3,4004,1,1696
2020-06-23,37,31427,3,4007,0,1696
2020-06-24,64,31491,4,4011,0,1696
2020-06-25,48,31539,0,4011,0,1696
2020-06-26,92,31631,4,4015,0,1696
2020-06-27,36,31667,1,4016,0,1696
2020-06-28,24,31691,1,4017,0,1696
2020-06-29,160,31851,5,4022,1,1697
2020-06-30,138,31989,8,4030,0,1697
2020-07-01,102,32091,6,4036,1,1698
2020-07-02,127,32218,5,4041,0,1698
2020-07-03,96,32314,5,4046,0,1698
2020-07-04,26,32340,2,4048,0,1698
2020-07-05,37,32377,7,4055,0,1698
2020-07-06,106,32483,3,4058,0,1698
2020-07-07,107,32590,7,4065,0,1698
2020-07-08,97,32687,3,4068,2,1700
2020-07-09,97,32784,11,4079,0,1700
2020-07-10,111,32895,7,4086,0,1700
2020-07-11,71,32966,10,4096,0,1700
2020-07-12,46,33012,12,4108,0,1700
2020-07-13,120,33132,5,4113,1,1701
2020-07-14,129,33261,5,4118,0,1701
2020-07-15,122,33383,7,4125,1,1702
2020-07-16,107,33490,5,4130,1,1703
2020-07-17,116,33606,6,4136,1,1704
2020-07-18,80,33686,6,4142,0,1704
2020-07-19,42,33728,1,4143,0,1704
2020-07-20,127,33855,7,4150,2,1706
2020-07-21,138,33993,6,4156,1,1707
2020-07-22,118,34111,7,4163,0,1707
2020-07-23,143,34254,8,4171,0,1707
2020-07-24,148,34402,14,4185,1,1708
2020-07-25,95,34497,10,4195,1,1709
2020-07-26,57,34554,4,4199,0,1709
2020-07-27,194,34748,7,4206,1,1710
2020-07-28,190,34938,12,4218,1,1711
2020-07-29,220,35158,14,4232,0,1711
2020-07-30,212,35370,5,4237,0,1711
2020-07-31,164,35534,9,4246,2,1713
2020-08-01,97,35631,6,4252,1,1714
2020-08-02,80,35711,6,4258,0,1714
2020-08-03,196,35907,5,4263,0,1714
2020-08-04,181,36088,2,4265,1,1715
2020-08-05,152,36240,7,4272,1,1716
2020-08-06,156,36396,12,4284,1,1717
2020-08-07,185,36581,6,4290,1,1718
2020-08-08,130,36711,9,4299,1,1719
2020-08-09,100,36811,7,4306,0,1719
2020-08-10,282,37093,8,4314,1,1720
2020-08-11,256,37349,6,4320,0,1720
2020-08-12,247,37596,5,4325,0,1720
2020-08-13,274,37870,9,4334,1,1721
2020-08-14,234,38104,9,4343,0,1721
2020-08-15,149,38253,8,4351,3,1724
2020-08-16,141,38394,7,4358,0,1724
2020-08-17,286,38680,9,4367,1,1725
2020-08-18,295,38975,7,4374,0,1725
2020-08-19,285,39260,7,4381,0,1725
2020-08-20,350,39610,8,4389,0,1725
2020-08-21,314,39924,8,4397,1,1726
2020-08-22,193,40117,5,4402,1,1727
2020-08-23,136,40253,5,4407,2,1729
2020-08-24,306,40559,7,4414,1,1730
2020-08-25,340,40899,5,4419,0,1730
2020-08-26,362,41261,7,4426,0,1730
2020-08-27,353,41614,5,4431,2,1732
2020-08-28,377,41991,9,4440,0,1732
2020-08-29,216,42207,2,4442,0,1732
2020-08-30,144,42351,7,4449,1,1733
2020-08-31,347,42698,7,4456,1,1734
2020-09-01,364,43062,10,4466,1,1735
2020-09-02,417,43479,11,4477,3,1738
2020-09-03,438,43917,11,4488,1,1739
2020-09-04,426,44343,12,4500,2,1741
2020-09-05,294,44637,8,4508,2,1743
2020-09-06,170,44807,8,4516,3,1746
2020-09-07,468,45275,14,4530,1,1747
2020-09-08,388,45663,7,4537,1,1748
2020-09-09,462,46125,13,4550,7,1755
2020-09-10,507,46632,22,4572,0,1755
2020-09-11,535,47167,14,4586,4,1759
2020-09-12,266,47433,13,4599,3,1762
2020-09-13,238,47671,12,4611,1,1763
2020-09-14,504,48175,10,4621,0,1763
2020-09-15,458,48633,10,4631,3,1766
2020-09-16,517,49150,22,4653,5,1771
2020-09-17,499,49649,14,4667,4,1775
2020-09-18,445,50094,22,4689,2,1777
2020-09-19,285,50379,11,4700,1,1778
2020-09-20,201,50580,12,4712,0,1778
2020-09-21,396,50976,22,4734,3,1781
2020-09-22,426,51402,9,4743,1,1782
2020-09-23,389,51791,16,4759,1,1783
2020-09-24,309,52100,16,4775,3,1786
2020-09-25,360,52460,13,4788,1,1787
2020-09-26,222,52682,8,4796,2,1789
2020-09-27,120,52802,19,4815,1,1790
2020-09-28,369,53171,18,4833,3,1793
2020-09-29,449,53620,25,4858,1,1794
2020-09-30,541,54161,22,4880,0,1794
2020-10-01,602,54763,19,4899,5,1799
2020-10-02,680,55443,24,4923,1,1800
2020-10-03,514,55957,19,4942,0,1800
2020-10-04,316,56273,13,4955,1,1801
2020-10-05,1021,57294,18,4973,2,1803
2020-10-06,1098,58392,32,5005,1,1804
2020-10-07,1380,59772,36,5041,2,1806
2020-10-08,1474,61246,52,5093,3,1809
2020-10-09,1728,62974,46,5139,3,1812
2020-10-10,1255,64229,31,5170,3,1815
2020-10-11,811,65040,46,5216,3,1818
2020-10-12,2567,67607,76,5292,5,1823
2020-10-13,2696,70303,64,5356,6,1829
2020-10-14,3005,73308,86,5442,4,1833
2020-10-15,3409,76717,89,5531,5,1838
2020-10-16,3699,80416,105,5636,8,1846
2020-10-17,2381,82797,110,5746,6,1852
2020-10-18,1789,84586,68,5814,6,1858
2020-10-19,5417,90003,150,5964,14,1872
2020-10-20,5685,95688,149,6113,10,1882
2020-10-21,6474,102162,133,6246,12,1894
2020-10-22,6785,108947,162,6408,20,1914
2020-10-23,7528,116475,187,6595,21,1935
2020-10-24,4689,121164,158,6753,21,1956
2020-10-25,3222,124386,181,6934,17,1973
2020-10-26,10137,134523,231,7165,16,1989
2020-10-27,9779,144302,192,7357,35,2024
2020-10-28,9338,153640,231,7588,40,2064
2020-10-29,9019,162659,211,7799,54,2118
2020-10-30,8969,171628,266,8065,39,2157
2020-10-31,5153,176781,162,8227,55,2212
2020-11-01,3623,180404,189,8416,52,2264
2020-11-02,10539,190943,275,8691,54,2318
2020-11-03,9629,200572,238,8929,68,2386
2020-11-04,8749,209321,182,9111,72,2458
2020-11-05,7869,217190,175,9286,68,2526
2020-11-06,7398,224588,222,9508,80,2606
2020-11-07,4200,228788,197,9705,64,2670
2020-11-08,2999,231787,146,9851,84,2754
2020-11-09,8714,240501,239,10090,81,2835
2020-11-10,7403,247904,178,10268,78,2913
2020-11-11,6340,254244,170,10438,84,2997
2020-11-12,5920,260164,149,10587,89,3086
2020-11-13,5621,265785,156,10743,76,3162
2020-11-14,3184,268969,140,10883,65,3227
2020-11-15,2273,271242,99,10982,73,3300
2020-11-16,6455,277697,158,11140,78,3378
2020-11-17,5215,282912,74,11214,59,3437
2020-11-18,2737,285649,15,11229,26,3463
2020-11-19,6,285655,0,11229,1,3464