date,new_cases,total_cases,new_hosp,total_hosp,new_deaths,total_deaths,diff
2020-02-24,1,1,5,5,0,0,0
2020-02-25,1,2,4,9,0,0,0
2020-02-26,10,12,9,18,0,0,0
2020-02-27,10,22,4,22,0,0,0
2020-02-28,10,32,5,27,0,0,0
2020-02-29,13,45,12,39,0,0,0
2020-03-01,11,56,10,49,0,0,0
2020-03-02,31,87,14,63,0,0,0
2020-03-03,33,120,17,80,0,0,0
2020-03-04,61,181,12,92,0,0,0
2020-03-05,62,243,15,107,2,2,0
2020-03-06,73,316,23,130,0,2,0
2020-03-07,49,365,8,138,0,2,0
2020-03-08,69,434,17,155,1,3,0
2020-03-09,192,626,29,184,0,3,0
2020-03-10,212,838,40,224,2,5,0
2020-03-11,334,1172,48,272,3,8,0
2020-03-12,357,1529,51,323,4,12,0
2020-03-13,433,1962,54,377,3,15,0
2020-03-14,420,2382,64,441,5,20,0
2020-03-15,328,2710,54,495,8,28,0
2020-03-16,1064,3774,118,613,7,35,0
2020-03-17,1088,4862,97,710,12,47,0
2020-03-18,1214,6076,113,823,8,55,0
2020-03-19,836,6912,109,932,14,69,0
2020-03-20,1147,8059,141,1073,21,90,0
2020-03-21,693,8752,117,1190,19,109,0
2020-03-22,547,9299,134,1324,18,127,0
2020-03-23,1464,10763,161,1485,23,150,0
2020-03-24,1244,12007,181,1666,19,169,0
2020-03-25,1072,13079,199,1865,39,208,0
2020-03-26,1118,14197,164,2029,38,246,0
2020-03-27,1308,15505,207,2236,31,277,0
2020-03-28,723,16228,122,2358,57,334,0
2020-03-29,433,16661,121,2479,45,379,0
2020-03-30,1310,17971,164,2643,58,437,0
2020-03-31,1137,19108,125,2768,44,481,0
2020-04-01,1016,20124,97,2865,57,538,0
2020-04-02,878,21002,95,2960,60,598,0
2020-04-03,928,21930,75,3035,54,652,0
2020-04-04,486,22416,56,3091,55,707,0
2020-04-05,281,22697,50,3141,50,757,0
2020-04-06,925,23622,72,3213,50,807,0
2020-04-07,715,24337,58,3271,53,860,0
2020-04-08,613,24950,59,3330,57,917,0
2020-04-09,559,25509,57,3387,44,961,0
2020-04-10,309,25818,40,3427,50,1011,0
2020-04-11,262,26080,43,3470,44,1055,0
2020-04-12,219,26299,32,3502,35,1090,0
2020-04-13,245,26544,27,3529,35,1125,0
2020-04-14,425,26969,52,3581,37,1162,0
2020-04-15,328,27297,32,3613,37,1199,0
2020-04-16,321,27618,37,3650,38,1237,0
2020-04-17,291,27909,32,3682,36,1273,0
2020-04-18,144,28053,14,3696,31,1304,0
2020-04-19,86,28139,23,3719,21,1325,0
2020-04-20,277,28416,23,3742,37,1362,0
2020-04-21,213,28629,18,3760,33,1395,0
2020-04-22,158,28787,20,3780,26,1421,0
2020-04-23,208,28995,9,3789,29,1450,0
2020-04-24,167,29162,13,3802,24,1474,0
2020-04-25,87,29249,14,3816,24,1498,0
2020-04-26,61,29310,6,3822,13,1511,0
2020-04-27,173,29483,13,3835,23,1534,0
2020-04-28,153,29636,14,3849,11,1545,0
2020-04-29,120,29756,11,3860,10,1555,0
2020-04-30,101,29857,4,3864,13,1568,0
2020-05-01,83,29940,7,3871,12,1580,0
2020-05-02,47,29987,7,3878,9,1589,0
2020-05-03,22,30009,7,3885,8,1597,0
2020-05-04,90,30099,3,3888,9,1606,0
2020-05-05,73,30172,6,3894,8,1614,0
2020-05-06,79,30251,2,3896,4,1618,0
2020-05-07,46,30297,7,3903,11,1629,0
2020-05-08,59,30356,2,3905,7,1636,0
2020-05-09,39,30395,2,3907,5,1641,0
2020-05-10,15,30410,6,3913,7,1648,0
2020-05-11,46,30456,5,3918,3,1651,0
2020-05-12,42,30498,1,3919,1,1652,0
2020-05-13,37,30535,5,3924,1,1653,0
2020-05-14,37,30572,3,3927,2,1655,0
2020-05-15,41,30613,3,3930,5,1660,0
2020-05-16,15,30628,3,3933,1,1661,0
2020-05-17,12,30640,5,3938,4,1665,0
2020-05-18,34,30674,3,3941,3,1668,0
2020-05-19,36,30710,2,3943,4,1672,0
2020-05-20,29,30739,2,3945,0,1672,0
2020-05-21,11,30750,3,3948,5,1677,0
2020-05-22,19,30769,4,3952,1,1678,0
2020-05-23,14,30783,1,3953,1,1679,0
2020-05-24,10,30793,1,3954,0,1679,0
2020-05-25,15,30808,1,3955,2,1681,0
2020-05-26,18,30826,4,3959,2,1683,0
2020-05-27,25,30851,0,3959,0,1683,0
2020-05-28,30,30881,4,3963,0,1683,0
2020-05-29,21,30902,2,3965,0,1683,0
2020-05-30,10,30912,3,3968,0,1683,0
2020-05-31,7,30919,3,3971,0,1683,0
2020-06-01,3,30922,0,3971,0,1683,0
2020-06-02,22,30944,0,3971,0,1683,0
2020-06-03,23,30967,2,3973,0,1683,0
2020-06-04,17,30984,3,3976,0,1683,0
2020-06-05,15,30999,0,3976,0,1683,0
2020-06-06,10,31009,0,3976,1,1684,0
2020-06-07,8,31017,0,3976,0,1684,0
2020-06-08,25,31042,1,3977,1,1685,0
2020-06-09,11,31053,0,3977,0,1685,0
2020-06-10,24,31077,0,3977,1,1686,0
2020-06-11,25,31102,1,3978,0,1686,0
2020-06-12,34,31136,1,3979,0,1686,0
2020-06-13,10,31146,0,3979,1,1687,0
2020-06-14,12,31158,1,3980,0,1687,0
2020-06-15,32,31190,1,3981,0,1687,0
2020-06-16,21,31211,0,3981,1,1688,0
2020-06-17,18,31229,2,3983,0,1688,0
2020-06-18,18,31247,2,3985,0,1688,0
2020-06-19,37,31284,3,3988,0,1688,0
2020-06-20,31,31315,6,3994,0,1688,0
2020-06-21,13,31328,0,3994,1,1689,0
2020-06-22,56,31384,2,3996,1,1690,0
2020-06-23,37,31421,3,3999,0,1690,0
2020-06-24,64,31485,3,4002,0,1690,0
2020-06-25,48,31533,0,4002,0,1690,0
2020-06-26,91,31624,4,4006,0,1690,0
2020-06-27,35,31659,1,4007,0,1690,0
2020-06-28,22,31681,0,4007,0,1690,0
2020-06-29,158,31839,5,4012,1,1691,0
2020-06-30,136,31975,7,4019,0,1691,0
2020-07-01,102,32077,6,4025,1,1692,0
2020-07-02,127,32204,5,4030,0,1692,0
2020-07-03,96,32300,5,4035,0,1692,0
2020-07-04,26,32326,1,4036,0,1692,0
2020-07-05,37,32363,7,4043,0,1692,0
2020-07-06,105,32468,2,4045,0,1692,0
2020-07-07,107,32575,6,4051,0,1692,0
2020-07-08,96,32671,2,4053,2,1694,0
2020-07-09,97,32768,10,4063,0,1694,0
2020-07-10,111,32879,7,4070,0,1694,1
2020-07-11,70,32949,10,4080,0,1694,0
2020-07-12,46,32995,12,4092,0,1694,0
2020-07-13,120,33115,5,4097,1,1695,0
2020-07-14,128,33243,5,4102,0,1695,0
2020-07-15,120,33363,7,4109,1,1696,0
2020-07-16,106,33469,5,4114,1,1697,0
2020-07-17,115,33584,6,4120,1,1698,-1
2020-07-18,80,33664,6,4126,0,1698,0
2020-07-19,41,33705,1,4127,0,1698,0
2020-07-20,126,33831,6,4133,2,1700,-1
2020-07-21,138,33969,6,4139,1,1701,0
2020-07-22,117,34086,7,4146,0,1701,0
2020-07-23,143,34229,7,4153,0,1701,0
2020-07-24,148,34377,12,4165,1,1702,0
2020-07-25,95,34472,9,4174,1,1703,0
2020-07-26,55,34527,3,4177,0,1703,0
2020-07-27,193,34720,7,4184,1,1704,0
2020-07-28,187,34907,12,4196,1,1705,0
2020-07-29,220,35127,14,4210,0,1705,0
2020-07-30,211,35338,5,4215,0,1705,0
2020-07-31,163,35501,5,4220,2,1707,0
2020-08-01,94,35595,5,4225,1,1708,0
2020-08-02,80,35675,4,4229,0,1708,0
2020-08-03,193,35868,3,4232,0,1708,0
2020-08-04,180,36048,2,4234,1,1709,0
2020-08-05,153,36201,7,4241,1,1710,0
2020-08-06,156,36357,10,4251,1,1711,0
2020-08-07,182,36539,5,4256,1,1712,0
2020-08-08,129,36668,7,4263,1,1713,0
2020-08-09,99,36767,6,4269,0,1713,0
2020-08-10,280,37047,7,4276,1,1714,0
2020-08-11,255,37302,4,4280,0,1714,0
2020-08-12,248,37550,2,4282,0,1714,0
2020-08-13,270,37820,7,4289,1,1715,0
2020-08-14,235,38055,4,4293,0,1715,0
2020-08-15,150,38205,4,4297,3,1718,0
2020-08-16,139,38344,5,4302,0,1718,0
2020-08-17,287,38631,8,4310,1,1719,0
2020-08-18,293,38924,5,4315,0,1719,31
2020-08-19,277,39201,3,4318,0,1719,145
2020-08-20,131,39332,3,4321,0,1719,131
2020-08-21,0,39332,0,4321,0,1719,0