date,new_cases,total_cases,new_hosp,total_hosp,new_deaths,total_deaths,new_tests,percentage_postest,newreported_cases
2020-02-24,1,1,5,10,0,0,3,0,0
2020-02-25,1,2,4,18,0,0,4,0,0
2020-02-26,10,12,9,36,0,0,13,0,0
2020-02-27,12,24,4,44,0,0,16,0,0
2020-02-28,10,34,5,54,0,0,29,0,0
2020-02-29,13,47,12,78,0,0,40,0,0
2020-03-01,11,58,10,98,0,0,32,0,0
2020-03-02,31,89,14,126,0,0,19,0,0
2020-03-03,34,123,17,160,0,0,11,0,0
2020-03-04,61,184,12,184,0,0,14,0,0
2020-03-05,63,247,15,214,2,2,26,0,0
2020-03-06,73,320,23,260,0,2,28,0,0
2020-03-07,49,369,8,276,0,2,13,0,0
2020-03-08,69,438,17,310,1,3,15,0,0
2020-03-09,192,630,29,368,0,3,7,0,0
2020-03-10,212,842,40,448,2,5,9,0,0
2020-03-11,334,1176,48,544,3,8,13,0,0
2020-03-12,357,1533,51,646,4,12,22,0,0
2020-03-13,433,1966,54,754,3,15,20,0,0
2020-03-14,420,2386,64,882,5,20,7,0,0
2020-03-15,329,2715,54,990,8,28,9,0,0
2020-03-16,1065,3780,118,1226,7,35,5,0,0
2020-03-17,1088,4868,97,1420,12,47,5,0,0
2020-03-18,1214,6082,113,1646,8,55,9,0,0
2020-03-19,837,6919,109,1864,14,69,14,0,0
2020-03-20,1147,8066,141,2146,21,90,10,0,0
2020-03-21,693,8759,117,2380,19,109,13,0,0
2020-03-22,548,9307,134,2648,18,127,2,0,0
2020-03-23,1464,10771,161,2970,23,150,5,0,0
2020-03-24,1244,12015,181,3332,19,169,48,2.1,0
2020-03-25,1072,13087,198,3728,39,208,169,0,0
2020-03-26,1118,14205,164,4056,38,246,317,2.5,0
2020-03-27,1308,15513,207,4470,31,277,279,3.9,0
2020-03-28,723,16236,122,4714,57,334,449,2.2,0
2020-03-29,434,16670,121,4956,45,379,257,5.4,0
2020-03-30,1310,17980,164,5284,58,437,372,4.8,0
2020-03-31,1137,19117,125,5534,44,481,478,4.4,0
2020-04-01,1017,20134,97,5728,57,538,716,9.2,0
2020-04-02,878,21012,95,5918,60,598,592,14.2,0
2020-04-03,930,21942,75,6068,54,652,587,22.5,0
2020-04-04,486,22428,56,6180,55,707,957,10.1,0
2020-04-05,281,22709,50,6280,50,757,727,9.2,0
2020-04-06,925,23634,71,6422,50,807,744,11.8,0
2020-04-07,715,24349,58,6538,53,860,1631,9,0
2020-04-08,613,24962,59,6656,58,918,2172,9.9,0
2020-04-09,559,25521,57,6770,44,962,2724,13.7,0
2020-04-10,309,25830,40,6850,50,1012,4634,7,0
2020-04-11,262,26092,43,6936,44,1056,4689,9.1,0
2020-04-12,219,26311,32,7000,36,1092,5244,9.1,0
2020-04-13,245,26556,27,7054,36,1128,2523,14.4,0
2020-04-14,424,26980,52,7158,37,1165,5279,9.3,0
2020-04-15,328,27308,32,7222,37,1202,9353,11.4,0
2020-04-16,321,27629,37,7296,38,1240,10591,12.4,0
2020-04-17,291,27920,32,7360,36,1276,9617,14,0
2020-04-18,144,28064,14,7388,32,1308,8081,15.3,0
2020-04-19,87,28151,23,7434,21,1329,6393,17.7,0
2020-04-20,277,28428,23,7480,37,1366,3289,24.4,0
2020-04-21,213,28641,18,7516,33,1399,6640,19,0
2020-04-22,156,28797,21,7558,26,1425,5797,26.1,0
2020-04-23,208,29005,9,7576,29,1454,7663,15.4,0
2020-04-24,167,29172,13,7602,24,1478,7860,16.7,0
2020-04-25,87,29259,14,7630,24,1502,7195,18.6,0
2020-04-26,61,29320,6,7642,13,1515,5762,17.5,0
2020-04-27,173,29493,13,7668,23,1538,2760,20.9,0
2020-04-28,153,29646,14,7696,11,1549,4488,24.4,0
2020-04-29,120,29766,11,7718,10,1559,7121,19.4,0
2020-04-30,101,29867,4,7726,13,1572,6657,16.9,0
2020-05-01,83,29950,7,7740,12,1584,6959,15.3,0
2020-05-02,47,29997,7,7754,9,1593,6511,15.9,0
2020-05-03,23,30020,7,7768,8,1601,5204,13.5,0
2020-05-04,90,30110,4,7776,9,1610,3305,11.8,0
2020-05-05,73,30183,6,7788,8,1618,4105,18.3,0
2020-05-06,80,30263,2,7792,4,1622,6855,14.2,0
2020-05-07,46,30309,7,7806,12,1634,6560,12.1,0
2020-05-08,59,30368,3,7812,7,1641,6014,12,0
2020-05-09,39,30407,2,7816,5,1646,3979,10.8,0
2020-05-10,16,30423,6,7828,7,1653,2791,13.5,0
2020-05-11,48,30471,5,7838,3,1656,2299,12.1,0
2020-05-12,43,30514,1,7840,1,1657,2195,13.6,0
2020-05-13,37,30551,6,7852,1,1658,3922,11.7,0
2020-05-14,38,30589,3,7858,2,1660,5586,8.3,0
2020-05-15,41,30630,3,7864,5,1665,5130,9.1,0
2020-05-16,15,30645,3,7870,1,1666,4595,8.4,0
2020-05-17,12,30657,5,7880,4,1670,3648,7.3,0
2020-05-18,34,30691,4,7888,3,1673,2119,4.9,0
2020-05-19,36,30727,2,7892,4,1677,3425,8.5,0
2020-05-20,29,30756,2,7896,0,1677,4967,6.6,0
2020-05-21,11,30767,3,7902,5,1682,4635,5.9,0
2020-05-22,20,30787,4,7910,1,1683,4534,6.2,0
2020-05-23,16,30803,1,7912,1,1684,4783,4.9,0
2020-05-24,10,30813,1,7914,0,1684,4032,3.6,0
2020-05-25,15,30828,1,7916,2,1686,2362,3.9,0
2020-05-26,19,30847,5,7926,2,1688,3748,5.4,0
2020-05-27,25,30872,0,7926,0,1688,5592,4.1,0
2020-05-28,30,30902,4,7934,0,1688,5810,3.2,0
2020-05-29,21,30923,2,7938,0,1688,4843,4.2,0
2020-05-30,11,30934,3,7944,0,1688,4442,3.3,0
2020-05-31,7,30941,3,7950,0,1688,3120,2.6,0
2020-06-01,3,30944,0,7950,0,1688,2516,1.8,0
2020-06-02,23,30967,0,7950,0,1688,3862,3.3,0
2020-06-03,23,30990,2,7954,0,1688,5889,2,0
2020-06-04,17,31007,3,7960,0,1688,5365,2.5,0
2020-06-05,15,31022,0,7960,0,1688,4664,1.8,0
2020-06-06,10,31032,0,7960,1,1689,4353,2.3,0
2020-06-07,8,31040,0,7960,0,1689,3134,2.3,0
2020-06-08,25,31065,1,7962,1,1690,1422,2,0
2020-06-09,11,31076,0,7962,0,1690,5068,1.3,0
2020-06-10,24,31100,1,7964,1,1691,5566,1.3,0
2020-06-11,25,31125,1,7966,0,1691,6230,1,0
2020-06-12,34,31159,2,7970,0,1691,5706,1.1,0
2020-06-13,9,31168,0,7970,1,1692,5597,1.3,0
2020-06-14,12,31180,1,7972,0,1692,3270,1.3,0
2020-06-15,32,31212,1,7974,0,1692,1743,1.1,0
2020-06-16,21,31233,0,7974,1,1693,4412,1.5,0
2020-06-17,18,31251,2,7978,0,1693,5992,1.1,0
2020-06-18,18,31269,3,7984,0,1693,4863,1.2,0
2020-06-19,37,31306,4,7992,0,1693,2117,1.1,0
2020-06-20,32,31338,6,8004,0,1693,3565,1,0
2020-06-21,13,31351,0,8004,1,1694,2527,0.6,0
2020-06-22,56,31407,4,8012,1,1695,1659,0.8,0
2020-06-23,37,31444,3,8018,0,1695,4004,0.6,0
2020-06-24,64,31508,4,8026,0,1695,5693,0.7,0
2020-06-25,48,31556,0,8026,0,1695,5002,0.6,0
2020-06-26,92,31648,4,8034,0,1695,4192,0.9,0
2020-06-27,36,31684,1,8036,0,1695,3712,1.1,0
2020-06-28,22,31706,1,8038,0,1695,2588,0.7,0
2020-06-29,158,31864,5,8048,1,1696,1572,0.9,0
2020-06-30,136,32000,8,8064,0,1696,1782,0.3,0
2020-07-01,102,32102,6,8076,1,1697,4282,0.8,0
2020-07-02,127,32229,5,8086,0,1697,5267,0.7,0
2020-07-03,96,32325,5,8096,0,1697,5217,0.6,0
2020-07-04,26,32351,2,8100,0,1697,4821,0.5,0
2020-07-05,37,32388,7,8114,0,1697,3121,0.5,0
2020-07-06,105,32493,3,8120,0,1697,1541,0.6,0
2020-07-07,107,32600,7,8134,0,1697,4712,0.6,0
2020-07-08,96,32696,3,8140,2,1699,6493,0.8,0
2020-07-09,97,32793,11,8162,0,1699,6600,0.3,0
2020-07-10,111,32904,7,8176,0,1699,5609,0.6,0
2020-07-11,70,32974,10,8196,0,1699,6456,0.7,0
2020-07-12,46,33020,12,8220,0,1699,4358,0.6,0
2020-07-13,120,33140,5,8230,1,1700,1794,0.7,0
2020-07-14,128,33268,5,8240,0,1700,6505,0.4,0
2020-07-15,122,33390,7,8254,1,1701,10045,0.3,0
2020-07-16,106,33496,5,8264,1,1702,9615,0.3,0
2020-07-17,115,33611,6,8276,1,1703,8433,0.2,0
2020-07-18,80,33691,6,8288,0,1703,7586,0.5,0
2020-07-19,41,33732,1,8290,0,1703,4698,0.8,0
2020-07-20,127,33859,7,8304,2,1705,1779,0.8,0
2020-07-21,138,33997,6,8316,1,1706,8204,0.4,0
2020-07-22,117,34114,7,8330,0,1706,11674,0.5,0
2020-07-23,143,34257,7,8344,0,1706,9151,0.6,0
2020-07-24,148,34405,14,8372,1,1707,9263,0.7,0
2020-07-25,95,34500,10,8392,1,1708,10193,0.9,0
2020-07-26,57,34557,4,8400,0,1708,6447,0.8,0
2020-07-27,193,34750,7,8414,1,1709,2536,1.3,0
2020-07-28,188,34938,12,8438,1,1710,14089,0.8,0
2020-07-29,220,35158,14,8466,0,1710,15033,1.2,0
2020-07-30,211,35369,5,8476,0,1710,11242,1.1,0
2020-07-31,163,35532,9,8494,2,1712,10892,1.2,0
2020-08-01,96,35628,6,8506,1,1713,10378,1,0
2020-08-02,80,35708,5,8516,0,1713,6216,1,0
2020-08-03,196,35904,5,8526,0,1713,2519,1.4,0
2020-08-04,181,36085,2,8530,1,1714,7826,1.4,0
2020-08-05,152,36237,7,8544,1,1715,9998,1.4,0
2020-08-06,156,36393,12,8568,1,1716,8866,1.3,0
2020-08-07,184,36577,7,8582,1,1717,8533,1.4,0
2020-08-08,130,36707,9,8600,1,1718,7698,1.6,0
2020-08-09,99,36806,7,8614,0,1718,4745,2.3,0
2020-08-10,281,37087,8,8630,1,1719,1946,2.7,0
2020-08-11,255,37342,6,8642,0,1719,6842,1.6,0
2020-08-12,247,37589,5,8652,0,1719,8812,2,0
2020-08-13,273,37862,9,8670,1,1720,7769,2,0
2020-08-14,234,38096,9,8688,0,1720,7284,1.7,0
2020-08-15,149,38245,8,8704,3,1723,6720,2,0
2020-08-16,141,38386,7,8718,0,1723,3766,2.3,0
2020-08-17,286,38672,9,8736,1,1724,1776,3.5,0
2020-08-18,295,38967,7,8750,0,1724,5685,2.1,0
2020-08-19,284,39251,6,8762,0,1724,6824,2.1,0
2020-08-20,350,39601,8,8778,0,1724,6721,2,0
2020-08-21,314,39915,8,8794,1,1725,5510,3.2,0
2020-08-22,193,40108,4,8802,1,1726,5539,3.2,0
2020-08-23,136,40244,6,8814,2,1728,3632,3.2,0
2020-08-24,306,40550,7,8828,1,1729,1789,3.1,0
2020-08-25,337,40887,5,8838,0,1729,5530,3.5,0
2020-08-26,362,41249,6,8850,0,1729,7339,2.7,0
2020-08-27,352,41601,5,8860,2,1731,6853,4,0
2020-08-28,374,41975,9,8878,0,1731,7089,3.5,0
2020-08-29,216,42191,2,8882,0,1731,5711,3.7,0
2020-08-30,144,42335,7,8896,1,1732,3055,3.9,0
2020-08-31,346,42681,6,8908,1,1733,2132,3.4,0
2020-09-01,364,43045,10,8928,1,1734,6234,3,0
2020-09-02,415,43460,11,8950,3,1737,7322,2.9,0
2020-09-03,436,43896,11,8972,1,1738,6793,3,0
2020-09-04,424,44320,10,8992,2,1740,6619,2.9,0
2020-09-05,293,44613,8,9008,2,1742,6165,3.4,0
2020-09-06,170,44783,8,9024,3,1745,3726,3.8,0
2020-09-07,467,45250,14,9052,1,1746,2026,6,0
2020-09-08,387,45637,7,9066,1,1747,6055,4.2,0
2020-09-09,461,46098,13,9092,7,1754,7368,4,0
2020-09-10,506,46604,22,9136,0,1754,6728,3.9,0
2020-09-11,532,47136,13,9162,4,1758,7345,3.8,0
2020-09-12,266,47402,13,9188,3,1761,7334,3.9,0
2020-09-13,238,47640,11,9210,1,1762,4850,4,0
2020-09-14,502,48142,10,9230,0,1762,2446,5.4,0
2020-09-15,458,48600,10,9250,3,1765,8245,3.3,0
2020-09-16,516,49116,22,9294,5,1770,10578,3.3,0
2020-09-17,498,49614,13,9320,4,1774,9433,3.1,0
2020-09-18,445,50059,20,9360,2,1776,10134,3.9,0
2020-09-19,285,50344,11,9382,1,1777,9984,3.7,0
2020-09-20,201,50545,12,9406,0,1777,6137,4.1,0
2020-09-21,395,50940,23,9452,3,1780,3313,4.8,0
2020-09-22,425,51365,9,9470,1,1781,9990,2.7,0
2020-09-23,386,51751,14,9498,1,1782,13201,3,0
2020-09-24,309,52060,16,9530,3,1785,12876,3.3,0
2020-09-25,359,52419,12,9554,1,1786,13140,3,0
2020-09-26,222,52641,8,9570,2,1788,12567,3,0
2020-09-27,120,52761,18,9606,1,1789,8399,3.7,0
2020-09-28,367,53128,15,9636,3,1792,3864,3.6,0
2020-09-29,448,53576,25,9686,1,1793,11410,2.7,0
2020-09-30,538,54114,21,9728,0,1793,16448,2.6,0
2020-10-01,601,54715,16,9760,5,1798,16056,2.7,0
2020-10-02,680,55395,23,9806,1,1799,15536,3,0
2020-10-03,513,55908,15,9836,0,1799,14504,3,0
2020-10-04,316,56224,13,9862,1,1800,9530,4.6,0
2020-10-05,1021,57245,17,9896,2,1802,4343,4.5,0
2020-10-06,1097,58342,33,9962,1,1803,13427,2.9,0
2020-10-07,1380,59722,36,10034,2,1805,17556,2.8,0
2020-10-08,1474,61196,49,10132,3,1808,16431,3.1,0
2020-10-09,1725,62921,46,10224,3,1811,15714,3.8,0
2020-10-10,1254,64175,30,10284,3,1814,14178,3.8,0
2020-10-11,808,64983,44,10372,3,1817,9867,4.8,0
2020-10-12,2564,67547,76,10524,5,1822,4159,5.9,0
2020-10-13,2693,70240,64,10652,6,1828,12849,3.6,0
2020-10-14,3003,73243,83,10818,4,1832,16813,3.1,0
2020-10-15,3407,76650,83,10984,5,1837,15449,3.8,0
2020-10-16,3694,80344,99,11182,8,1845,15270,3.7,0
2020-10-17,2380,82724,108,11398,6,1851,13430,3.5,0
2020-10-18,1787,84511,66,11530,5,1856,7813,5.1,0
2020-10-19,5416,89927,148,11826,12,1868,3582,6.1,0
2020-10-20,5672,95599,142,12110,10,1878,10369,3.2,0
2020-10-21,6469,102068,125,12360,12,1890,13466,3.9,0
2020-10-22,6780,108848,149,12658,19,1909,12948,3.4,0
2020-10-23,7528,116376,177,13012,21,1930,11895,3.1,0
2020-10-24,4685,121061,150,13312,21,1951,11244,3.8,0
2020-10-25,3218,124279,168,13648,16,1967,5998,4.5,0
2020-10-26,10129,134408,213,14074,13,1980,2821,5.8,0
2020-10-27,9777,144185,185,14444,34,2014,9390,3.4,0
2020-10-28,9333,153518,222,14888,37,2051,12460,4,0
2020-10-29,9007,162525,195,15278,51,2102,11923,5,0
2020-10-30,8960,171485,240,15758,38,2140,12055,4.9,1
2020-10-31,5142,176627,149,16056,54,2194,11249,5.8,1
2020-11-01,3615,180242,172,16400,49,2243,7602,8.2,0
2020-11-02,10531,190773,238,16876,51,2294,3558,9.6,2
2020-11-03,9621,200394,208,17292,59,2353,11884,7.2,1
2020-11-04,8742,209136,138,17568,66,2419,14862,7.5,1
2020-11-05,7855,216991,129,17826,63,2482,15383,8.8,11
2020-11-06,7392,224383,147,18120,69,2551,15821,9.6,37
2020-11-07,4184,228567,139,18398,56,2607,16045,10.8,50
2020-11-08,2948,231515,84,18566,78,2685,10818,14.5,171
2020-11-09,8142,239657,127,18820,58,2743,5137,16.1,5090
2020-11-10,3804,243461,22,18864,26,2769,15081,13,3800
2020-11-11,11,243472,1,18866,0,2769,20412,13.7,11